36
85
47
14
36
45
85
86
36
34
36
73
85
15
15
62
5
85
0
19
56
36
95
36
36
36
36
32
36
36
83
36
36
55
36
70
85
36
14
85
36
29
36
36
36
36
9
39
36
89
47
20
29
27
35
36
52
36
32
75
85
15
91
32
36
15
36
85
66
66
69
36
36
36
36
36
36
29
36
33
36
36
36
82
85
50
85
36
85
36
36
36
97
36
47
24
36
36
42
47
47
68
36
53
38
3
2
42
41
67
11
44
36
18
42
42
2
60
42
2
37
42
87
22
17
28
58
84
60
36
43
23
8
76
48
81
31
13
42
2
49
42
42
99
98
72
63
42
77
42
71
90
80
42
42
21
65
42
47
46
38
42
36
36
42
42
96
17
60
36
36
16
42
42
85
36
26
26
42
7
36
85
2
47
64
36
79
36
29
36
36
47
2
61
36
36
36
36
36
57
94
88
74
78
29
92
47
47
47
30
36
30
53
30
30
30
10
10
10
10
6
6
6
6
42
54
36
36
36
42
36
36
36
40
36
36
4
36
36
36
93
29
36
36
36
36
36
59
29
47
36
25
47
51
36
1
47
85
12
36
47
85
36
85
36
36
85
36
36
36
47
36
