sample	qcpass	fittype	calib_slope	calib_slope_deg	calib_span	calib_linfit_rsquare	calib_linfit_logpval	coef_a	coef_b	coef_c	ci_a	ci_b	ci_c	rsquare	adjrsquare	rmse	f	f_logpval	truncated_genes	median	iqr	iqr_raw	q1	q25	q75	q99
LJP009_A375_24H_X1_B20:A01	1	power	5.07	78.8423	0.363771	0.0411176	0.259751	-3.45898e+14	-18.4594	10.6881	-136959709937381424.00,136267913253937840.00	-249.95,213.03	-20.44,41.82	0.0972619	-0.128423	3.01831	0.430964	0.177753	0	10.0871	1.36687	0.239466	56.8277	888.336	1214.24	1425.61
LJP009_A375_24H_X1_B20:A02	1	power	1.82756	61.3135	4.81057	0.992954	10.2703	1.87704	0.991678	-8.3938	-3.63,7.39	0.08,1.90	-23.64,6.85	0.992955	0.991193	0.266644	563.755	8.6084	1	8.87088	9.10593	1.74426	13.4209	164.869	1501.29	15941.2
LJP009_A375_24H_X1_B20:A03	1	power	2.19402	65.4972	4.25653	0.944103	6.21379	0.0302406	2.47329	-0.896108	-0.18,0.24	-0.12,5.07	-10.25,8.46	0.95582	0.944775	0.667724	86.538	5.41908	7	8.34699	12.3671	1.60864	10.508	96.4699	1193.05	32771.4
LJP009_A375_24H_X1_B20:A04	1	power	1.8712	61.8793	4.75219	0.984054	8.67241	0.0531169	2.21098	-0.367491	-0.10,0.21	1.13,3.29	-4.41,3.67	0.991917	0.989896	0.285604	490.876	8.36975	2	8.02382	8.61532	1.66082	13.0449	88.9332	766.189	13403.7
LJP009_A375_24H_X1_B20:A05	1	power	1.6482	58.7539	5.37985	0.991203	9.83625	6.05114	0.621533	-14.9702	-12.58,24.68	-0.19,1.44	-45.39,15.45	0.992402	0.990502	0.276912	522.43	8.47712	0	8.55958	7.91268	1.81026	13.9071	127.333	1007.55	7666.9
LJP009_A375_24H_X1_B20:A06	1	power	1.74126	60.1314	5.10688	0.983411	8.59507	0.171288	1.77611	-1.25068	-0.40,0.75	0.59,2.97	-7.41,4.91	0.987427	0.984284	0.356201	314.153	7.6023	1	8.68102	8.00319	1.68748	17.3307	131.803	1054.84	11712
LJP009_A375_24H_X1_B20:A07	1	power	1.77531	60.6082	4.96281	0.989294	9.45201	0.138958	1.85279	-1.17554	-0.22,0.50	0.94,2.77	-5.69,3.34	0.993493	0.991867	0.256246	610.768	8.74661	2	8.68636	8.46661	1.69675	17.313	130.927	1108.51	10916.2
LJP009_A375_24H_X1_B20:A08	1	power	1.77912	60.6608	5.0178	0.989704	9.52837	0.361062	1.51927	-3.11957	-0.74,1.46	0.48,2.55	-10.73,4.49	0.991336	0.98917	0.2957	457.661	8.24905	0	8.61518	8.25356	1.6987	13.4916	122.966	1014.91	8392.49
LJP009_A375_24H_X1_B20:A09	1	power	1.76618	60.4818	4.98163	0.98819	9.26005	0.0929255	2.00185	-0.358628	-0.12,0.31	1.16,2.84	-3.84,3.12	0.994261	0.992826	0.240656	693	8.96469	1	8.42077	7.91249	1.66295	15.0653	113.39	897.194	12908.6
LJP009_A375_24H_X1_B20:A10	1	power	1.69124	59.4049	5.30015	0.981931	8.42781	0.0915413	1.987	-0.199457	-0.19,0.37	0.89,3.08	-4.65,4.25	0.9889	0.986125	0.334695	356.353	7.81867	1	8.64588	8.35652	1.76154	16.5836	124.027	1036.44	8699.43
LJP009_A375_24H_X1_B20:A11	1	power	1.88754	62.0858	4.83618	0.981161	8.34606	0.259573	1.65242	-2.96417	-0.80,1.32	0.23,3.07	-12.41,6.48	0.983806	0.979758	0.404258	243.006	7.16259	1	8.52379	8.73643	1.64238	13.6552	114.361	999.107	13652.1
LJP009_A375_24H_X1_B20:A12	1	power	1.69024	59.39	5.37745	0.974921	7.78581	0.103223	1.9448	-0.360015	-0.29,0.50	0.56,3.33	-6.22,5.50	0.981595	0.976993	0.430976	213.33	6.94024	2	8.63141	8.03841	1.72074	16.3146	134.845	1083.94	9225.39
LJP009_A375_24H_X1_B20:A13	1	power	1.81103	61.0937	5.002	0.978214	8.06155	0.144664	1.84715	-1.37744	-0.43,0.72	0.44,3.25	-8.48,5.73	0.98296	0.978699	0.41469	230.735	7.07407	2	8.65605	7.60912	1.57561	16.439	140.752	1071	11444.4
LJP009_A375_24H_X1_B20:A14	1	power	1.78483	60.7391	5.03104	0.982642	8.50637	0.109375	1.94284	-0.794687	-0.26,0.47	0.75,3.14	-6.16,4.57	0.988221	0.985277	0.344771	335.597	7.71561	1	8.56518	7.65396	1.60388	14.4519	132.054	1010.73	14040.7
LJP009_A375_24H_X1_B20:A15	1	power	2.04111	63.8984	4.71014	0.948089	6.35912	0.169118	1.83093	-2.79385	-0.96,1.30	-0.53,4.19	-16.72,11.14	0.952927	0.941159	0.689237	80.9744	5.30891	2	8.60783	9.29797	1.54443	9.49629	122.073	1135.04	21839.4
LJP009_A375_24H_X1_B20:A16	1	power	1.7174	59.7888	5.14059	0.98091	8.32018	0.0415033	2.28052	0.621403	-0.08,0.16	1.25,3.31	-2.65,3.89	0.991169	0.988962	0.298525	448.966	8.21602	1	8.47499	7.47989	1.6261	17.5294	127.965	957.163	10027.7
LJP009_A375_24H_X1_B20:A17	1	power	1.81296	61.1196	5.04708	0.969435	7.39823	0.0375385	2.3322	0.267115	-0.12,0.19	0.84,3.83	-4.61,5.14	0.981238	0.976547	0.435137	209.193	6.90685	1	8.42104	9.34491	1.73628	13.0238	98.7924	923.206	11932.9
LJP009_A375_24H_X1_B20:A18	1	power	1.7943	60.8682	5.1054	0.959465	6.84468	0.0412061	2.30097	0.311128	-0.16,0.25	0.46,4.14	-5.68,6.30	0.970968	0.96371	0.541278	133.78	6.1485	2	8.63421	9.10909	1.69898	14.9691	118.333	1077.91	22083.9
LJP009_A375_24H_X1_B20:A19	1	power	2.00891	63.5367	4.64122	0.961367	6.93891	0.049488	2.26581	-0.763359	-0.21,0.31	0.32,4.21	-8.27,6.74	0.971203	0.964004	0.539083	134.904	6.16262	4	8.51735	9.3212	1.55726	11.0453	113.602	1058.91	25703.8
LJP009_A375_24H_X1_B20:A20	1	power	3.19108	72.6004	2.7167	0.869629	4.54433	0.46128	1.6784	-6.99352	-6.16,7.08	-3.66,7.01	-55.77,41.78	0.871247	0.839059	1.13988	27.0673	3.56097	13	8.478	12.2613	1.12906	8.70104	105.565	1294.37	32785
LJP009_A375_24H_X1_B20:A21	1	power	1.74121	60.1306	5.21007	0.963338	7.04164	0.0304808	2.40783	0.893751	-0.10,0.16	0.82,3.99	-3.64,5.43	0.977344	0.971681	0.478157	172.557	6.5793	4	8.79115	8.2415	1.64343	16.6553	134.16	1105.68	23571.4
LJP009_A375_24H_X1_B20:A22	1	power	1.80111	60.9604	5.02049	0.978477	8.08529	0.117393	1.91445	-1.16489	-0.34,0.57	0.54,3.29	-7.73,5.40	0.983928	0.97991	0.40273	244.884	7.17575	1	8.62135	8.20574	1.6508	15.8674	123.636	1014.53	10831.2
LJP009_A375_24H_X1_B20:A23	1	power	1.82719	61.3086	4.96264	0.975593	7.83899	0.0765553	2.07949	-0.49372	-0.23,0.38	0.63,3.53	-6.35,5.37	0.982957	0.978696	0.414726	230.695	7.07377	4	8.68731	8.72484	1.65864	13.785	123.851	1080.58	21068.5
LJP009_A375_24H_X1_B20:A24	1	power	1.71907	59.813	5.13377	0.978653	8.10136	0.0250581	2.44716	0.796203	-0.05,0.10	1.36,3.53	-2.32,3.91	0.990943	0.988679	0.302317	437.671	8.17216	1	8.63515	7.9002	1.64937	17.5249	131.422	1038.26	10765.8
LJP009_A375_24H_X1_B20:B01	1	power	1.72412	59.886	4.93141	0.997469	12.2723	1.66084	1.01163	-7.34578	-1.31,4.63	0.45,1.57	-15.88,1.19	0.99747	0.996838	0.15978	1577.18	10.3877	0	8.70738	7.55271	1.69155	17.8649	145.115	1096.01	9318.63
LJP009_A375_24H_X1_B20:B02	1	power	1.81359	61.128	4.87962	0.990758	9.7397	0.476567	1.43492	-3.7109	-0.90,1.85	0.46,2.41	-11.75,4.33	0.99194	0.989924	0.285209	492.248	8.37456	1	8.78995	8.30043	1.65628	12.1526	164.645	1366.63	16346
LJP009_A375_24H_X1_B20:B03	1	power	1.98129	63.2189	4.62336	0.974285	7.73679	0.145824	1.87852	-1.98808	-0.53,0.82	0.21,3.54	-10.84,6.86	0.978909	0.973637	0.461347	185.657	6.70364	4	8.37117	9.36977	1.6155	11.2693	102.003	955.745	25441.4
LJP009_A375_24H_X1_B20:B04	1	power	2.06193	64.1275	4.48889	0.970593	7.4739	0.406912	1.53238	-4.52445	-1.88,2.69	-0.40,3.46	-20.47,11.42	0.972256	0.96532	0.529134	140.176	6.22733	6	8.25171	12.7645	1.77916	9.39049	88.9372	1135.24	32769.1
LJP009_A375_24H_X1_B20:B05	1	power	1.72921	59.9593	5.13844	0.983767	8.63751	0.148899	1.8249	-0.913392	-0.33,0.63	0.67,2.98	-6.51,4.68	0.988288	0.985361	0.343787	337.544	7.72555	1	8.65425	7.57287	1.64791	17.0348	138.516	1048.96	15055.4
LJP009_A375_24H_X1_B20:B06	1	power	1.98718	63.2873	4.6402	0.960599	6.90034	0.0168495	2.64725	0.265101	-0.07,0.10	0.77,4.52	-5.13,5.66	0.975749	0.969687	0.494701	160.945	6.46112	4	8.33312	10.2414	1.64589	11.9078	92.1956	944.212	26487.5
LJP009_A375_24H_X1_B20:B07	1	power	1.95737	62.938	4.69046	0.97632	7.89826	0.089969	2.0434	-1.26125	-0.29,0.47	0.52,3.57	-8.15,5.63	0.982708	0.978385	0.417741	227.319	7.0486	3	8.46708	8.90555	1.58129	12.3677	113.089	1007.12	21380.8
LJP009_A375_24H_X1_B20:B08	1	power	1.93574	62.6792	4.67326	0.982971	8.5438	0.384676	1.52862	-3.90341	-1.22,1.99	0.10,2.96	-15.12,7.31	0.984573	0.980716	0.394568	255.288	7.24689	1	8.34473	8.94254	1.63193	12.4503	99.9797	894.073	14225.6
LJP009_A375_24H_X1_B20:B09	1	power	1.98887	63.3069	4.62907	0.975664	7.84473	0.44548	1.48906	-4.44517	-1.77,2.67	-0.22,3.19	-18.79,9.90	0.977138	0.971423	0.480328	170.964	6.56356	2	8.52397	9.14103	1.59553	11.3664	115.058	1051.75	19453.7
LJP009_A375_24H_X1_B20:B10	1	power	1.99518	63.3796	4.57469	0.98485	8.77259	0.749154	1.31446	-6.09174	-2.40,3.90	-0.08,2.71	-21.19,9.01	0.985417	0.981772	0.383619	270.3	7.34466	2	8.67869	9.01448	1.58305	11.7648	124.259	1120.13	16345.3
LJP009_A375_24H_X1_B20:B11	1	power	1.92648	62.567	4.74904	0.982757	8.51938	0.433488	1.4889	-3.95338	-1.32,2.19	0.10,2.88	-15.15,7.25	0.984263	0.980329	0.39851	250.184	7.21235	2	8.56941	8.48314	1.58834	11.812	124.638	1057.32	20801.7
LJP009_A375_24H_X1_B20:B12	1	power	1.84637	61.5599	5.04084	0.964391	7.09877	0.0850456	2.05335	-0.549025	-0.31,0.48	0.35,3.75	-7.56,6.46	0.97276	0.96595	0.524304	142.845	6.25919	2	8.52455	8.45234	1.62108	13.1101	119.071	1006.43	19206.9
LJP009_A375_24H_X1_B20:B13	1	power	2.58516	68.8524	3.61601	0.872962	4.59562	0.0135368	2.90906	-0.0822437	-0.14,0.17	-1.65,7.47	-12.87,12.71	0.889063	0.861329	1.05808	32.0567	3.8197	38	8.1077	41.7461	1.98429	9.09397	64.9617	2711.9	32841.9
LJP009_A375_24H_X1_B20:B14	1	power	1.89021	62.1193	4.88784	0.97545	7.82762	0.307627	1.59719	-3.17752	-1.11,1.72	0.01,3.19	-14.37,8.02	0.977895	0.972368	0.472314	176.952	6.62201	1	8.56818	8.36284	1.60718	11.5607	119.028	995.409	13032.8
LJP009_A375_24H_X1_B20:B15	1	power	1.91207	62.3908	4.8596	0.960447	6.89277	0.0659397	2.1485	-0.665802	-0.28,0.41	0.24,4.06	-8.32,6.99	0.96938	0.961726	0.555881	126.636	6.05601	3	8.29236	9.54623	1.67891	10.9528	96.2092	918.436	21423.2
LJP009_A375_24H_X1_B20:B16	1	power	1.84445	61.535	4.91424	0.981226	8.35282	0.39854	1.50161	-3.44503	-1.25,2.05	0.08,2.92	-14.31,7.42	0.98286	0.978575	0.4159	229.371	7.06395	2	8.66432	8.61993	1.66699	14.2723	128.499	1107.65	16491.5
LJP009_A375_24H_X1_B20:B17	1	power	1.79135	60.8281	5.09915	0.975631	7.84204	0.109842	1.94623	-0.745361	-0.32,0.54	0.53,3.36	-7.05,5.56	0.981948	0.977435	0.426824	217.579	6.97387	1	8.47423	8.3861	1.68049	13.709	114.117	956.997	10655.2
LJP009_A375_24H_X1_B20:B18	1	power	1.81405	61.1342	5.03626	0.974409	7.74626	0.0967294	1.99505	-0.689088	-0.29,0.48	0.56,3.43	-6.91,5.53	0.981404	0.976755	0.4332	211.104	6.92236	2	8.59339	9.1503	1.71522	13.7755	118.751	1086.61	17443.2
LJP009_A375_24H_X1_B20:B19	1	power	1.96075	62.9781	4.64962	0.981737	8.40685	0.601296	1.38369	-5.01163	-1.97,3.17	-0.06,2.83	-18.70,8.67	0.982683	0.978354	0.418036	226.992	7.04615	2	8.53263	9.88846	1.67307	11.3043	126.537	1251.26	22719.9
LJP009_A375_24H_X1_B20:B20	1	power	1.92562	62.5565	4.76611	0.975091	7.79917	0.12895	1.90475	-1.80702	-0.44,0.70	0.34,3.47	-9.90,6.28	0.980289	0.975361	0.446007	198.928	6.82113	2	8.54845	8.46178	1.57336	11.8516	120.108	1016.33	13506.8
LJP009_A375_24H_X1_B20:B21	1	power	2.01198	63.5715	4.62332	0.970453	7.46461	0.0944119	2.02774	-1.79788	-0.38,0.57	0.22,3.84	-10.53,6.93	0.976512	0.97064	0.486858	166.302	6.51664	4	8.72454	9.47334	1.57178	10.8573	122.332	1158.89	24321.7
LJP009_A375_24H_X1_B20:B22	1	power	1.84776	61.578	4.89035	0.98537	8.84104	0.494588	1.42972	-3.91101	-1.33,2.32	0.17,2.69	-14.44,6.61	0.98656	0.9832	0.368278	293.627	7.48645	2	8.67776	8.56841	1.66162	13.8798	131.945	1130.56	20551
LJP009_A375_24H_X1_B20:B23	1	power	1.97564	63.153	4.70836	0.967822	7.2974	0.0894252	2.03736	-1.65842	-0.37,0.55	0.20,3.87	-10.36,7.05	0.974402	0.968003	0.508255	152.265	6.36721	2	8.55569	9.18484	1.59174	10.4091	110.532	1015.22	15244.7
LJP009_A375_24H_X1_B20:B24	1	power	1.66947	59.0787	5.33466	0.977632	8.00989	0.0610195	2.13736	0.52193	-0.13,0.25	1.01,3.27	-3.35,4.39	0.987435	0.984293	0.356099	314.334	7.60329	2	8.60462	7.90181	1.72443	16.9979	124.107	980.671	11812
LJP009_A375_24H_X1_B20:C01	1	power	2.28894	66.4003	3.96847	0.970496	7.46747	0.0331213	2.46144	-1.15738	-0.14,0.21	0.52,4.40	-8.36,6.04	0.97967	0.974588	0.452946	192.758	6.76749	8	8.46624	12.1493	1.53923	10.6858	96.3905	1171.07	32773.7
LJP009_A375_24H_X1_B20:C02	1	power	2.01817	63.6416	4.51152	0.978628	8.0991	0.0833501	2.08539	-1.28048	-0.25,0.42	0.63,3.54	-7.74,5.18	0.98509	0.981362	0.387906	264.271	7.30605	4	8.45721	8.7818	1.52104	11.974	116.287	1021.21	25897.2
LJP009_A375_24H_X1_B20:C03	1	power	2.11416	64.6858	4.30662	0.971723	7.55069	0.131488	1.93927	-2.33068	-0.57,0.83	0.02,3.86	-12.55,7.88	0.976183	0.970229	0.490258	163.948	6.49246	6	8.57951	10.5901	1.58391	11.4409	108.252	1146.4	32769.1
LJP009_A375_24H_X1_B20:C04	1	power	2.01239	63.5762	4.55819	0.981351	8.36593	0.372808	1.55487	-4.0452	-1.24,1.99	0.06,3.05	-15.72,7.63	0.983144	0.97893	0.41244	233.303	7.09297	4	8.71195	9.26685	1.58223	11.7001	118.911	1101.93	25138.4
LJP009_A375_24H_X1_B20:C05	1	power	1.93733	62.6984	4.76335	0.974042	7.7183	0.369992	1.5477	-3.46716	-1.40,2.14	-0.12,3.21	-15.84,8.91	0.976078	0.970098	0.491335	163.213	6.48484	3	8.59062	11.1085	1.77926	11.0623	103.566	1150.46	25349.7
LJP009_A375_24H_X1_B20:C06	1	power	2.01515	63.6075	4.61068	0.970754	7.48464	0.162228	1.84761	-2.2931	-0.65,0.97	0.06,3.63	-12.26,7.67	0.975202	0.969003	0.50025	157.306	6.42237	4	8.55933	10.827	1.68661	10.6686	99.5599	1077.94	25397
LJP009_A375_24H_X1_B20:C07	1	power	2.08145	64.3387	4.42635	0.977728	8.01827	0.26948	1.67816	-3.66965	-1.02,1.56	-0.00,3.36	-15.40,8.06	0.980244	0.975305	0.446507	198.474	6.81724	4	8.43456	10.1264	1.58855	10.9623	110.925	1123.26	24206
LJP009_A375_24H_X1_B20:C08	1	power	1.86938	61.856	4.86668	0.976701	7.93005	0.0912641	2.03393	-0.635277	-0.26,0.44	0.63,3.43	-6.52,5.25	0.983658	0.979573	0.4061	240.77	7.1468	2	8.39044	8.03133	1.57978	13.4015	112.083	900.172	17177.9
LJP009_A375_24H_X1_B20:C09	1	power	1.95399	62.8978	4.71126	0.976977	7.95334	0.206383	1.75664	-2.24277	-0.67,1.08	0.25,3.26	-11.04,6.56	0.980781	0.975976	0.4404	204.128	6.86508	4	8.47009	9.16952	1.61305	11.6866	116.705	1070.13	20256.7
LJP009_A375_24H_X1_B20:C10	1	power	1.88372	62.0378	4.77824	0.982279	8.46591	0.329158	1.58429	-2.59821	-0.92,1.58	0.25,2.92	-11.56,6.37	0.984529	0.980661	0.395138	254.54	7.24187	3	8.5519	8.59549	1.62729	13.9273	125.883	1082.02	24950.3
LJP009_A375_24H_X1_B20:C11	1	power	1.78952	60.8031	5.10329	0.970144	7.44417	0.100673	1.98405	-0.458232	-0.32,0.52	0.45,3.51	-6.90,5.99	0.977423	0.971779	0.477322	173.175	6.58537	2	8.65825	7.48606	1.56945	15.586	137.795	1031.54	14796.3
LJP009_A375_24H_X1_B20:C12	1	power	1.97132	63.1024	4.77102	0.965699	7.17214	0.308057	1.61595	-3.3112	-1.34,1.96	-0.26,3.49	-16.46,9.84	0.968437	0.960546	0.564383	122.73	6.00327	3	8.48348	9.74051	1.65585	10.6759	102.316	996.612	21880.7
LJP009_A375_24H_X1_B20:C13	1	power	2.12846	64.8347	4.28189	0.967325	7.26738	0.0647498	2.21579	-0.865756	-0.26,0.39	0.33,4.10	-8.38,6.65	0.975457	0.969321	0.49768	158.976	6.44026	7	8.3132	11.1782	1.59048	11.3641	109.503	1224.04	32771.4
LJP009_A375_24H_X1_B20:C14	1	power	2.03071	63.7825	4.50134	0.976697	7.92964	0.158666	1.86409	-2.08744	-0.54,0.86	0.27,3.46	-10.71,6.53	0.981049	0.976311	0.437319	207.071	6.88947	4	8.51844	9.33317	1.56691	11.9409	109.064	1017.91	26690.2
LJP009_A375_24H_X1_B20:C15	1	power	1.90663	62.3237	4.82812	0.970992	7.50065	0.0614036	2.18602	-0.28018	-0.19,0.31	0.67,3.70	-5.95,5.39	0.980525	0.975656	0.443325	201.391	6.84209	4	8.47985	9.07746	1.61258	12.143	120.248	1091.54	27283.6
LJP009_A375_24H_X1_B20:C16	1	power	1.71514	59.756	5.14184	0.987493	9.14787	0.156008	1.80658	-0.87965	-0.26,0.57	0.86,2.75	-5.49,3.73	0.991905	0.989881	0.285819	490.134	8.36714	1	8.58437	8.03088	1.71896	17.3495	125.994	1011.84	10993.1
LJP009_A375_24H_X1_B20:C17	1	power	1.85295	61.6452	4.93771	0.979913	8.22052	0.256455	1.65904	-2.3318	-0.74,1.26	0.29,3.03	-10.86,6.20	0.982979	0.978724	0.41445	231.007	7.07609	2	8.57034	8.02824	1.59905	13.1612	128.377	1030.64	16155
LJP009_A375_24H_X1_B20:C18	1	power	1.78421	60.7306	5.10697	0.977513	7.9995	0.127199	1.89311	-0.891325	-0.35,0.60	0.55,3.24	-7.17,5.39	0.983271	0.979089	0.41088	235.108	7.10614	1	8.53024	8.58239	1.70254	13.6301	119.052	1021.75	13356.8
LJP009_A375_24H_X1_B20:C19	1	power	2.20425	65.5977	4.20401	0.901131	5.09109	0.110636	2.0223	-2.10991	-1.00,1.23	-1.65,5.69	-20.75,16.53	0.90687	0.883588	0.969454	38.9508	4.12364	14	7.83841	16.7546	1.85027	8.59287	69.3252	1161.51	32787.3
LJP009_A375_24H_X1_B20:C20	1	power	2.75843	70.0731	3.33193	0.837801	4.11095	0.000156885	4.77836	2.16397	-0.00,0.00	-0.30,9.86	-3.80,8.13	0.889713	0.862141	1.05498	32.269	3.8299	90	8.99031	108.401	1.8698	11.0884	84.331	9141.52	32960.5
LJP009_A375_24H_X1_B20:C21	1	power	2.29222	66.4303	3.99801	0.905425	5.1787	0.00274035	3.51046	1.76911	-0.02,0.02	0.28,6.74	-3.80,7.34	0.937567	0.921958	0.793763	60.0684	4.81834	54	8.46973	55.903	2.2141	12.245	72.6146	4059.37	32878.3
LJP009_A375_24H_X1_B20:C22	1	power	1.97336	63.1264	4.59128	0.966096	7.19496	0.767656	1.30364	-5.85225	-3.83,5.37	-0.69,3.30	-27.36,15.65	0.966695	0.958369	0.579746	116.102	5.90996	6	8.41716	12.3759	1.8332	10.1035	107.299	1327.92	32769.1
LJP009_A375_24H_X1_B20:C23	1	power	2.21399	65.6925	4.09963	0.886504	4.81858	0.143978	1.94154	-2.16661	-1.46,1.75	-2.15,6.03	-23.84,19.51	0.890989	0.863736	1.04886	32.6935	3.85012	25	8.74917	24.9262	2.02998	11.2082	97.0677	2419.53	32812.3
LJP009_A375_24H_X1_B20:C24	1	power	2.0157	63.6138	4.53228	0.931732	5.82074	0.199139	1.76422	-3.06259	-1.48,1.88	-1.18,4.71	-21.79,15.67	0.935172	0.918965	0.808842	57.7018	4.75295	5	7.95544	11.7966	1.76187	9.67531	92.2237	1087.93	32062.9
LJP009_A375_24H_X1_B20:D01	1	power	2.33139	66.7841	4.12528	0.897852	5.02668	0.797111	1.34397	-8.36643	-8.39,9.98	-2.49,5.17	-55.69,38.95	0.898528	0.87316	1.01194	35.4198	3.97462	8	7.85481	13.1899	1.60231	6.40529	73.8184	973.659	32773.7
LJP009_A375_24H_X1_B20:D02	1	power	2.36353	67.067	3.90564	0.96064	6.90236	0.0608724	2.2684	-1.78761	-0.33,0.45	-0.11,4.65	-12.09,8.52	0.967909	0.959886	0.569081	120.646	5.97447	11	8.43822	14.3724	1.58065	9.81314	102.462	1472.62	32780.5
LJP009_A375_24H_X1_B20:D03	1	power	2.2872	66.3843	4.03692	0.96234	6.98894	0.121274	2.00992	-2.38057	-0.62,0.86	-0.23,4.25	-14.03,9.26	0.967594	0.959492	0.571871	119.432	5.95748	9	8.42004	13.3252	1.61205	9.72103	94.1246	1254.23	32776
LJP009_A375_24H_X1_B20:D04	1	power	2.16974	65.2557	4.2948	0.966301	7.20686	0.198958	1.80337	-3.22465	-0.95,1.35	-0.26,3.87	-16.13,9.68	0.969931	0.962414	0.550859	129.029	6.08754	5	8.63153	10.1374	1.5196	10.101	112.224	1137.66	29412.7
LJP009_A375_24H_X1_B20:D05	1	power	2.17084	65.2668	4.25501	0.966261	7.20452	0.118336	1.98167	-2.54526	-0.57,0.81	-0.10,4.07	-13.67,8.58	0.971264	0.96408	0.538516	135.197	6.16627	3	8.52518	10.0025	1.5186	10.6329	96.6938	967.178	29226.9
LJP009_A375_24H_X1_B20:D06	1	power	2.30275	66.5265	3.96142	0.980568	8.28542	1.93956	1.05351	-12.0479	-9.38,13.26	-0.78,2.89	-47.35,23.26	0.980581	0.975726	0.442689	201.981	6.84707	5	8.58126	9.84315	1.43262	9.14543	107.453	1057.68	28814.9
LJP009_A375_24H_X1_B20:D07	1	power	1.84671	61.5643	4.8429	0.981173	8.34732	0.154474	1.8476	-1.03475	-0.39,0.69	0.58,3.12	-7.20,5.13	0.985967	0.982458	0.376325	281.036	7.41136	4	8.60405	8.6606	1.64027	16.6089	135.474	1173.29	19956.6
LJP009_A375_24H_X1_B20:D08	1	power	1.8113	61.0973	5.00554	0.983381	8.59148	0.256616	1.65168	-2.10118	-0.63,1.14	0.44,2.86	-9.51,5.31	0.986408	0.98301	0.370363	290.286	7.46684	1	8.50541	7.29749	1.56485	13.3104	127.969	933.855	12162.7
LJP009_A375_24H_X1_B20:D09	1	power	2.11135	64.6563	4.36809	0.966313	7.20754	0.216541	1.76417	-3.12728	-1.04,1.47	-0.29,3.82	-16.16,9.90	0.969621	0.962026	0.553694	127.669	6.0697	5	8.40717	10.5087	1.5956	11.0131	99.5298	1045.93	28795.6
LJP009_A375_24H_X1_B20:D10	1	power	2.11067	64.6492	4.37991	0.960211	6.88109	0.126003	1.96766	-1.82512	-0.61,0.86	-0.16,4.09	-12.41,8.76	0.965863	0.957329	0.586938	113.177	5.86712	5	8.30543	10.655	1.60226	10.5202	92.9006	989.856	31265.4
LJP009_A375_24H_X1_B20:D11	1	power	1.87405	61.9154	4.84375	0.979882	8.2175	0.124967	1.90919	-1.43542	-0.35,0.60	0.55,3.27	-8.16,5.29	0.985089	0.981361	0.387919	264.252	7.30593	2	8.46139	8.03293	1.58402	12.2448	114.852	922.594	11005.3
LJP009_A375_24H_X1_B20:D12	1	power	1.90805	62.3412	4.90356	0.963307	7.03995	0.093884	2.01847	-1.20528	-0.39,0.58	0.15,3.89	-9.66,7.25	0.97039	0.962987	0.546645	131.087	6.11422	2	8.59791	8.7675	1.597	12.1409	122.072	1070.27	11769.5
LJP009_A375_24H_X1_B20:D13	1	power	1.87644	61.9457	4.89034	0.977268	7.97831	0.407494	1.50152	-3.5249	-1.36,2.18	0.01,3.00	-15.07,8.02	0.979102	0.973877	0.459235	187.406	6.71958	2	8.64105	8.67379	1.65019	12.6456	116.565	1011.06	9269.42
LJP009_A375_24H_X1_B20:D14	1	power	1.89754	62.2108	4.8563	0.979966	8.22567	0.571897	1.38818	-4.69917	-1.91,3.06	-0.07,2.85	-18.19,8.79	0.981009	0.976262	0.437776	206.63	6.88584	1	8.76997	7.89005	1.55707	11.5473	141.919	1119.75	15156.9
LJP009_A375_24H_X1_B20:D15	1	power	1.91248	62.3958	4.83151	0.977688	8.01475	0.346341	1.56598	-3.20157	-1.15,1.84	0.07,3.07	-13.97,7.57	0.979926	0.974907	0.450094	195.259	6.78944	2	8.55948	8.68465	1.61289	11.1013	123.878	1075.83	19480.8
LJP009_A375_24H_X1_B20:D16	1	power	1.76182	60.421	5.07273	0.980402	8.2688	0.0589397	2.17398	0.336622	-0.11,0.23	1.09,3.26	-3.41,4.08	0.989743	0.987179	0.321724	385.995	7.95599	1	8.36531	7.20542	1.57653	14.8556	119.303	859.63	14190.1
LJP009_A375_24H_X1_B20:D17	1	power	1.78864	60.7911	5.01507	0.979367	8.16804	0.629899	1.34048	-3.93299	-2.07,3.33	-0.11,2.79	-16.87,9.00	0.980193	0.975241	0.447086	197.949	6.81273	2	8.79899	8.54068	1.7124	16.3277	142.511	1217.14	16645.7
LJP009_A375_24H_X1_B20:D18	1	power	2.00833	63.5301	4.62851	0.96791	7.30279	0.191158	1.79085	-2.43441	-0.80,1.18	-0.05,3.63	-13.23,8.36	0.972017	0.965022	0.531408	138.945	6.21244	4	8.44614	10.1659	1.64935	10.2119	103.946	1056.71	28419.3
LJP009_A375_24H_X1_B20:D19	1	power	1.9521	62.8754	4.72117	0.974739	7.77164	0.151998	1.86624	-1.67244	-0.50,0.80	0.33,3.40	-9.64,6.29	0.979807	0.974758	0.451426	194.085	6.77917	4	8.61063	9.22465	1.60735	11.0091	122.721	1132.06	26855.2
LJP009_A375_24H_X1_B20:D20	1	power	1.92383	62.5347	4.72394	0.976857	7.94318	0.102253	1.99624	-1.15298	-0.31,0.51	0.54,3.45	-7.83,5.52	0.983071	0.978839	0.413334	232.278	7.08545	4	8.52382	9.86413	1.68625	11.7241	108.366	1068.93	21716.8
LJP009_A375_24H_X1_B20:D21	1	power	2.0029	63.4681	4.6633	0.951888	6.50837	0.0335787	2.40609	-0.353454	-0.17,0.23	0.22,4.59	-7.85,7.14	0.963923	0.954904	0.603388	106.875	5.77109	4	8.56868	10.0992	1.60561	11.021	108.187	1092.61	25351.2
LJP009_A375_24H_X1_B20:D22	1	power	1.9414	62.7473	4.74944	0.97638	7.90322	0.246356	1.6879	-2.71724	-0.85,1.35	0.12,3.26	-12.71,7.27	0.979481	0.974351	0.455053	190.94	6.75136	3	8.49454	9.84131	1.67935	10.6467	112.284	1105.02	21090.3
LJP009_A375_24H_X1_B20:D23	1	power	1.81961	61.2082	4.91217	0.970111	7.44203	0.0896654	2.0208	-0.661371	-0.30,0.48	0.46,3.58	-7.33,6.01	0.977715	0.972143	0.474234	175.49	6.60792	3	8.53044	8.66536	1.67124	11.6647	119.223	1033.11	15809.8
LJP009_A375_24H_X1_B20:D24	1	power	1.97055	63.0935	4.67201	0.972203	7.58423	0.0547118	2.22406	-0.700392	-0.19,0.30	0.60,3.85	-7.00,5.60	0.98088	0.9761	0.439261	205.209	6.87408	4	8.62494	8.99759	1.55743	11.6328	121.445	1092.71	20502.4
LJP009_A375_24H_X1_B20:E01	1	power	2.10441	64.5833	4.46798	0.957344	6.7446	0.13122	1.93682	-2.37087	-0.69,0.95	-0.30,4.17	-14.37,9.63	0.962645	0.953306	0.613988	103.079	5.71058	5	8.4919	9.5581	1.52971	10.1982	103.238	986.763	32615.9
LJP009_A375_24H_X1_B20:E02	1	power	1.97419	63.1362	4.62195	0.983446	8.5992	0.410188	1.51421	-4.18429	-1.26,2.08	0.12,2.91	-15.48,7.12	0.985014	0.981268	0.388885	262.921	7.29729	3	8.61166	9.55042	1.64244	11.2926	106.822	1020.19	19782.7
LJP009_A375_24H_X1_B20:E03	1	power	2.00164	63.4537	4.4736	0.989432	9.47737	0.654424	1.36086	-5.63385	-1.66,2.97	0.17,2.55	-17.62,6.36	0.990117	0.987647	0.315805	400.75	8.02051	2	8.42224	9.55298	1.62708	11.9578	99.7031	952.462	20005.4
LJP009_A375_24H_X1_B20:E04	1	power	2.03766	63.8601	4.46842	0.983082	8.55668	2.26879	0.966684	-10.8113	-8.59,13.13	-0.51,2.44	-39.87,18.25	0.983089	0.978861	0.413112	232.532	7.08732	3	8.71957	9.36059	1.58427	11.1966	132.594	1241.16	23100.4
LJP009_A375_24H_X1_B20:E05	1	power	1.85213	61.6345	4.97333	0.978281	8.06753	0.458992	1.45572	-3.76302	-1.51,2.42	-0.00,2.92	-15.63,8.10	0.979816	0.97477	0.451325	194.174	6.77994	1	8.6858	8.85633	1.68294	12.2957	127.333	1127.7	11263.2
LJP009_A375_24H_X1_B20:E06	1	power	2.03022	63.7772	4.47073	0.98247	8.48708	0.790041	1.30456	-6.14739	-2.72,4.30	-0.18,2.79	-22.39,10.10	0.98302	0.978775	0.413953	231.572	7.08026	5	8.57921	9.7831	1.61501	10.9214	117.573	1150.22	26937.7
LJP009_A375_24H_X1_B20:E07	1	power	1.9287	62.594	4.85214	0.969081	7.37563	0.28606	1.63286	-3.03135	-1.17,1.75	-0.15,3.42	-15.10,9.04	0.971909	0.964886	0.532434	138.395	6.20574	2	8.54933	9.37471	1.66297	10.5527	104.19	976.748	20790.7
LJP009_A375_24H_X1_B20:E08	1	power	1.99709	63.4015	4.68774	0.97045	7.46438	0.399094	1.53026	-4.06031	-1.69,2.49	-0.28,3.34	-18.41,10.29	0.972344	0.96543	0.528299	140.633	6.23282	4	8.5596	9.69516	1.6239	10.8567	120.611	1169.34	24746.6
LJP009_A375_24H_X1_B20:E09	1	power	1.99531	63.3812	4.69346	0.96743	7.27367	0.123339	1.94291	-1.71722	-0.49,0.73	0.16,3.73	-10.66,7.23	0.973422	0.966778	0.517897	146.501	6.30191	4	8.58482	9.78241	1.61849	10.3089	111.954	1095.19	27609.3
LJP009_A375_24H_X1_B20:E10	1	power	2.08905	64.4202	4.40063	0.977	7.95534	0.215116	1.76545	-2.87686	-0.78,1.21	0.12,3.41	-13.06,7.31	0.980353	0.975442	0.445272	199.598	6.82686	6	8.54268	12.1208	1.70262	9.80434	101.98	1236.08	32769.1
LJP009_A375_24H_X1_B20:E11	1	power	2.24227	65.9642	4.16298	0.95079	6.46406	0.0466792	2.35268	-0.979217	-0.26,0.35	-0.11,4.82	-10.33,8.37	0.96058	0.950725	0.630729	97.4703	5.61712	15	8.37209	17.0496	1.76062	10.1878	91.9984	1568.53	32789.6
LJP009_A375_24H_X1_B20:E12	1	power	2.00065	63.4424	4.58938	0.969604	7.40909	0.0898641	2.05768	-1.26245	-0.35,0.53	0.29,3.82	-9.19,6.67	0.976303	0.970379	0.489024	164.797	6.50122	3	8.34914	9.68646	1.61089	11.2101	104.535	1012.57	22337.5
LJP009_A375_24H_X1_B20:E13	1	power	1.72062	59.8354	5.21766	0.982488	8.48903	0.211196	1.70011	-1.44277	-0.50,0.93	0.51,2.89	-8.03,5.15	0.986134	0.982668	0.374071	284.481	7.43223	1	8.73086	8.03962	1.71415	16.6099	132.875	1068.26	10077.6
LJP009_A375_24H_X1_B20:E14	1	power	2.11435	64.6878	4.43567	0.948705	6.38258	0.0245204	2.55518	-0.155148	-0.13,0.17	0.27,4.84	-7.37,7.06	0.962815	0.953519	0.612584	103.571	5.71854	4	8.3844	8.53646	1.41389	10.5985	110.325	941.785	29323.4
LJP009_A375_24H_X1_B20:E15	1	power	1.87019	61.8663	4.91085	0.97282	7.62822	0.0959461	2.012	-0.805055	-0.30,0.49	0.51,3.51	-7.34,5.73	0.980036	0.975045	0.448852	196.364	6.79904	3	8.39683	8.54053	1.6339	11.7512	104.12	889.241	19389.7
LJP009_A375_24H_X1_B20:E16	1	power	1.6782	59.2103	5.30207	0.98461	8.74193	0.184771	1.74024	-0.950039	-0.36,0.73	0.69,2.79	-6.32,4.42	0.988823	0.986029	0.335843	353.892	7.80677	1	8.54269	7.65813	1.7215	16.5223	126.149	966.066	9128.82
LJP009_A375_24H_X1_B20:E17	1	power	2.01181	63.5696	4.55844	0.978625	8.09877	0.756349	1.31295	-6.36693	-2.97,4.48	-0.32,2.94	-24.39,11.65	0.979221	0.974026	0.45793	188.498	6.72947	1	8.40854	8.56018	1.53855	10.6147	110.659	947.257	11303.9
LJP009_A375_24H_X1_B20:E18	1	power	1.81826	61.1903	4.90399	0.982604	8.50214	0.20325	1.73598	-1.65472	-0.50,0.90	0.52,2.96	-8.44,5.13	0.986393	0.982991	0.370568	289.961	7.46492	2	8.476	8.12733	1.641	13.3162	120.252	977.325	16109.8
LJP009_A375_24H_X1_B20:E19	1	power	2.47667	68.0127	3.81369	0.882167	4.74444	0.0185167	2.78912	0.0390947	-0.17,0.20	-1.16,6.74	-11.22,11.30	0.899483	0.874354	1.00717	35.7943	3.99104	42	8.11959	37.7076	2.00073	9.33663	66.8558	2520.97	32851
LJP009_A375_24H_X1_B20:E20	1	power	2.05039	64.0009	4.49708	0.978068	8.04842	0.403541	1.53385	-4.44146	-1.53,2.34	-0.12,3.19	-17.94,9.05	0.979724	0.974655	0.45235	193.277	6.77207	4	8.51644	10.311	1.62623	10.8559	117.275	1209.22	27989.6
LJP009_A375_24H_X1_B20:E21	1	power	2.02613	63.7313	4.49813	0.98074	8.30278	1.6842	1.05789	-9.3379	-6.80,10.17	-0.53,2.65	-35.67,17.00	0.980759	0.975949	0.440651	203.891	6.86311	4	8.77124	8.83601	1.54943	14.0434	145.516	1285.78	21540.6
LJP009_A375_24H_X1_B20:E22	1	power	2.11081	64.6507	4.46341	0.962116	6.97735	0.187684	1.81813	-2.71866	-0.89,1.26	-0.23,3.87	-14.86,9.42	0.966445	0.958056	0.58192	115.206	5.89695	7	8.80089	10.7816	1.58774	9.91607	125.357	1351.55	32771.4
LJP009_A375_24H_X1_B20:E23	1	power	1.80826	61.0567	4.88978	0.979321	8.16367	0.0617688	2.16708	0.141209	-0.15,0.27	0.92,3.41	-4.29,4.57	0.987615	0.984518	0.353539	318.961	7.62836	4	8.81518	9.5085	1.70243	17.3285	144.949	1378.25	21247.9
LJP009_A375_24H_X1_B20:E24	1	power	1.95042	62.8554	4.52646	0.976824	7.94038	0.122397	1.92802	-1.7825	-0.42,0.66	0.36,3.49	-9.75,6.19	0.981846	0.977307	0.428029	216.332	6.96407	4	8.58359	9.71953	1.65455	11.192	114.234	1110.3	19815.3
LJP009_A375_24H_X1_B20:F01	1	power	2.02468	63.7149	4.64197	0.963934	7.07375	0.211504	1.75483	-2.88923	-0.98,1.40	-0.24,3.75	-15.26,9.48	0.967657	0.959571	0.571314	119.673	5.96086	4	8.67479	10.2451	1.63146	11.6436	113.704	1164.91	25022.6
LJP009_A375_24H_X1_B20:F02	1	power	2.0132	63.5854	4.54105	0.982087	8.44475	0.703103	1.33994	-5.78294	-2.42,3.82	-0.15,2.83	-21.22,9.65	0.982783	0.978478	0.416837	228.323	7.05613	3	8.53049	9.31954	1.59532	10.4937	112.894	1052.12	16097.3
LJP009_A375_24H_X1_B20:F03	1	power	2.09091	64.4401	4.36116	0.971438	7.53101	0.152884	1.88683	-2.29005	-0.65,0.95	0.00,3.77	-12.57,7.99	0.975671	0.969589	0.495498	160.415	6.45552	5	8.4019	11.7679	1.67853	11.1713	100.054	1177.42	30966.5
LJP009_A375_24H_X1_B20:F04	1	power	1.82979	61.343	4.93081	0.987718	9.18332	0.735696	1.29408	-4.81237	-1.80,3.27	0.14,2.44	-16.28,6.66	0.988295	0.985369	0.343692	337.733	7.72651	1	8.57489	8.61836	1.69271	12.1801	119.407	1029.09	13299.3
LJP009_A375_24H_X1_B20:F05	1	power	1.97008	63.088	4.63419	0.969801	7.4218	0.108166	1.99854	-1.04836	-0.39,0.61	0.30,3.70	-8.70,6.60	0.976204	0.970255	0.490045	164.094	6.49397	4	8.32964	9.52197	1.63493	12.2809	95.7422	911.654	28228.2
LJP009_A375_24H_X1_B20:F06	1	power	1.89734	62.2084	4.77469	0.984028	8.6693	0.298207	1.61182	-2.96924	-0.80,1.40	0.33,2.89	-11.74,5.80	0.986408	0.98301	0.37036	290.291	7.46687	2	8.62639	9.41791	1.68888	11.993	115.791	1090.51	14326.6
LJP009_A375_24H_X1_B20:F07	1	power	2.03222	63.7995	4.5593	0.970306	7.45487	0.17632	1.83073	-2.14047	-0.68,1.04	0.07,3.59	-11.89,7.61	0.974763	0.968454	0.504663	154.498	6.39185	5	8.48097	9.33465	1.56162	11.0245	113.343	1058.01	30445
LJP009_A375_24H_X1_B20:F08	1	power	1.85732	61.7015	4.95779	0.97345	7.67418	0.141876	1.87331	-1.20597	-0.46,0.74	0.35,3.39	-8.63,6.21	0.978936	0.973669	0.46106	185.893	6.7058	2	8.34604	9.45772	1.72996	12.1037	97.2174	919.455	20974.4
LJP009_A375_24H_X1_B20:F09	1	power	1.91912	62.4773	4.8367	0.970205	7.44822	0.218196	1.73119	-2.18371	-0.81,1.24	0.06,3.40	-12.04,7.67	0.974129	0.967661	0.510964	150.612	6.34874	2	8.39088	8.77517	1.62048	11.5357	105.95	929.731	19924.7
LJP009_A375_24H_X1_B20:F10	1	power	2.20758	65.6302	4.22442	0.958331	6.79052	0.195569	1.80827	-3.68457	-1.12,1.51	-0.58,4.19	-19.19,11.82	0.961808	0.95226	0.620825	100.734	5.67211	4	8.24611	9.50386	1.4704	9.79735	92.5666	879.74	25942.3
LJP009_A375_24H_X1_B20:F11	1	power	1.95745	62.9389	4.54533	0.978655	8.1016	0.704589	1.3334	-5.07582	-2.72,4.13	-0.31,2.98	-21.26,11.11	0.979299	0.974124	0.457064	189.228	6.73604	4	8.98319	10.8561	1.73119	15.2854	162.874	1768.18	25057.1
LJP009_A375_24H_X1_B20:F12	1	power	2.11357	64.6796	4.36917	0.964328	7.09529	0.219486	1.75876	-3.20352	-1.10,1.54	-0.38,3.90	-16.89,10.48	0.967567	0.959458	0.572107	119.33	5.95604	5	8.56944	11.6268	1.65401	10.73	105.209	1223.24	29882.6
LJP009_A375_24H_X1_B20:F13	1	power	1.99522	63.3801	4.67748	0.958783	6.8119	0.0661204	2.16316	-0.98846	-0.30,0.43	0.15,4.18	-9.33,7.35	0.967467	0.959334	0.572987	118.952	5.9507	3	8.4318	9.53879	1.58916	10.6647	110.363	1052.73	27488.5
LJP009_A375_24H_X1_B20:F14	1	power	1.63746	58.5874	5.31196	0.987908	9.21376	0.0868043	2.00805	0.412108	-0.08,0.26	1.30,2.72	-2.23,3.05	0.995143	0.993929	0.221398	819.527	9.25447	2	8.58725	7.56904	1.7301	18.0134	129.017	976.537	9335.65
LJP009_A375_24H_X1_B20:F15	1	power	1.91364	62.41	4.84694	0.967272	7.26419	0.0981943	2.01365	-0.980183	-0.36,0.55	0.32,3.70	-8.48,6.52	0.97457	0.968212	0.506591	153.293	6.3786	3	8.43022	8.86866	1.61851	11.2862	106.183	941.697	16699.8
LJP009_A375_24H_X1_B20:F16	1	power	1.91345	62.4077	4.80889	0.976287	7.89556	0.294822	1.61855	-3.06756	-1.04,1.63	0.04,3.19	-13.86,7.73	0.978831	0.973538	0.462208	184.952	6.69716	2	8.54065	8.36495	1.59051	12.327	112.429	940.466	11361.2
LJP009_A375_24H_X1_B20:F17	1	power	1.91511	62.4281	4.86161	0.972813	7.62771	0.238127	1.69315	-2.64948	-0.88,1.36	0.04,3.34	-13.04,7.74	0.976144	0.97018	0.49066	163.673	6.48961	2	8.69385	8.63606	1.60134	11.1289	122.096	1054.43	16174.4
LJP009_A375_24H_X1_B20:F18	1	power	1.71877	59.8086	5.15895	0.984365	8.71098	0.146974	1.84093	-0.429042	-0.28,0.57	0.79,2.90	-5.20,4.34	0.989406	0.986757	0.326977	373.565	7.89973	3	8.71626	6.99094	1.58432	17.4931	147.327	1029.96	16036.2
LJP009_A375_24H_X1_B20:F19	1	power	3.35406	73.3982	2.08787	0.469167	1.69821	3.49933e-09	9.77281	3.5931	-0.00,0.00	-13.21,32.76	-4.69,11.88	0.520243	0.400304	2.20036	4.33756	1.27592	189	9.45977	581.071	2.08029	14.6422	56.6412	32912.5	33187.4
LJP009_A375_24H_X1_B20:F20	1	power	2.66961	69.4647	3.44843	0.970878	7.49299	0.142623	2.01669	-3.74791	-0.75,1.04	-0.31,4.35	-17.41,9.91	0.974693	0.968366	0.505362	154.059	6.38704	29	8.83843	24.9487	1.67547	10.3841	110.043	2745.42	32821.4
LJP009_A375_24H_X1_B20:F21	1	power	1.92499	62.5489	4.79353	0.975351	7.81971	0.214313	1.73295	-2.40963	-0.75,1.18	0.15,3.32	-11.95,7.13	0.978919	0.973649	0.461237	185.748	6.70447	3	8.71987	8.19443	1.54704	11.8731	135.837	1113.1	14486.4
LJP009_A375_24H_X1_B20:F22	1	power	1.99638	63.3934	4.64302	0.973241	7.65881	0.597363	1.38794	-5.62655	-2.67,3.86	-0.44,3.22	-23.75,12.50	0.97416	0.9677	0.510657	150.798	6.35083	3	8.80957	8.95464	1.57296	9.83878	131.766	1179.92	16862.1
LJP009_A375_24H_X1_B20:F23	1	power	1.777	60.6315	5.01727	0.974347	7.74151	0.14081	1.86659	-0.674007	-0.44,0.72	0.37,3.36	-7.55,6.20	0.979576	0.97447	0.453993	191.851	6.75947	4	8.84195	8.79882	1.70326	16.8457	142.423	1253.15	21872.9
LJP009_A375_24H_X1_B20:F24	1	power	2.18982	65.4558	4.20691	0.951234	6.48183	0.0467001	2.32463	-1.16748	-0.28,0.37	-0.22,4.87	-11.18,8.85	0.959893	0.949866	0.636199	95.733	5.58712	5	8.31527	12.4177	1.63306	10.8111	88.6047	1100.26	29011.3
LJP009_A375_24H_X1_B20:G01	1	power	2.26775	66.2042	4.1144	0.967518	7.27897	0.23816	1.75157	-4.16996	-1.22,1.70	-0.41,3.92	-19.36,11.02	0.970377	0.962971	0.546765	131.028	6.11346	6	8.53586	13.5604	1.64073	8.85099	100.33	1360.51	32769.1
LJP009_A375_24H_X1_B20:G02	1	power	2.26991	66.2243	4.10606	0.957469	6.75034	0.182673	1.85763	-3.14719	-1.03,1.40	-0.55,4.26	-17.64,11.34	0.961428	0.951785	0.623907	99.7016	5.6549	10	8.38669	16.2948	1.73775	9.20776	99.6621	1623.97	32778.2
LJP009_A375_24H_X1_B20:G03	1	power	2.10663	64.6067	4.44477	0.963665	7.05921	0.193553	1.80293	-2.90406	-0.92,1.31	-0.25,3.85	-15.37,9.56	0.96763	0.959537	0.571552	119.57	5.95941	5	8.41317	11.1026	1.63729	9.59757	94.3972	1048.06	31696.2
LJP009_A375_24H_X1_B20:G04	1	power	2.05427	64.0436	4.55493	0.968673	7.34996	0.272328	1.66887	-3.64587	-1.22,1.76	-0.24,3.58	-17.04,9.75	0.97146	0.964325	0.536674	136.153	6.17817	4	8.39378	9.87567	1.59807	10.6718	102.905	1016.26	19097.4
LJP009_A375_24H_X1_B20:G05	1	power	1.96739	63.0564	4.67268	0.976692	7.92925	0.818445	1.28381	-5.75476	-3.22,4.86	-0.36,2.93	-23.54,12.03	0.977218	0.971523	0.479488	171.578	6.56964	4	8.6943	9.58299	1.64874	10.7001	123.861	1186.96	24165
LJP009_A375_24H_X1_B20:G06	1	power	2.00847	63.5317	4.64694	0.955152	6.64623	0.089114	2.07557	-0.962679	-0.41,0.59	0.01,4.14	-9.83,7.91	0.963198	0.953998	0.609422	104.69	5.73652	5	8.36834	10.7817	1.67113	11.0128	101.924	1098.91	32091.8
LJP009_A375_24H_X1_B20:G07	1	power	2.20174	65.5731	4.19363	0.979079	8.14081	0.854313	1.30416	-7.6001	-3.73,5.44	-0.48,3.09	-29.12,13.92	0.979543	0.974429	0.454364	191.532	6.75663	5	8.60209	9.74297	1.48689	10.2901	116.364	1133.73	32466.4
LJP009_A375_24H_X1_B20:G08	1	power	2.12161	64.7636	4.4064	0.959192	6.83147	0.206473	1.78296	-3.04711	-1.08,1.50	-0.44,4.01	-16.94,10.84	0.962898	0.953623	0.611901	103.811	5.72241	5	8.35194	11.9261	1.67122	8.76744	96.6612	1152.8	27543.9
LJP009_A375_24H_X1_B20:G09	1	power	2.00719	63.5171	4.58174	0.975362	7.82055	0.607899	1.3873	-5.38945	-2.55,3.77	-0.37,3.14	-22.43,11.65	0.976262	0.970328	0.489441	164.509	6.49826	3	8.53556	9.6911	1.62841	11.1172	104.796	1015.59	18344.7
LJP009_A375_24H_X1_B20:G10	1	power	1.86428	61.7909	4.94354	0.978254	8.06507	0.376701	1.52769	-3.20505	-1.23,1.98	0.06,3.00	-14.02,7.61	0.980236	0.975295	0.446597	198.392	6.81653	2	8.67923	9.08868	1.69027	12.6332	120.94	1099.19	13121.1
LJP009_A375_24H_X1_B20:G11	1	power	1.83361	61.3932	5.05633	0.971098	7.50781	0.464315	1.44958	-3.64265	-1.82,2.75	-0.23,3.13	-17.15,9.86	0.97264	0.9658	0.525463	142.198	6.25152	1	8.77134	8.81633	1.69155	14.8717	133.737	1179.07	10108.3
LJP009_A375_24H_X1_B20:G12	1	power	1.77043	60.5408	5.0081	0.979789	8.20843	0.0683182	2.12687	0.24379	-0.15,0.29	0.93,3.32	-4.02,4.50	0.987935	0.984919	0.348938	327.535	7.67388	3	8.52167	7.26833	1.56214	16.5781	131.594	956.467	20792.2
LJP009_A375_24H_X1_B20:G13	1	power	1.89331	62.1581	4.74318	0.97868	8.10386	0.621843	1.35776	-5.0859	-2.24,3.48	-0.18,2.89	-20.02,9.85	0.979543	0.974428	0.454367	191.529	6.75661	1	8.38323	7.21307	1.50482	10.9797	117.304	846.12	9197.33
LJP009_A375_24H_X1_B20:G14	1	power	2.05157	64.0139	4.501	0.969277	7.38807	0.153523	1.88313	-1.98216	-0.61,0.92	0.08,3.69	-11.58,7.62	0.97418	0.967726	0.510454	150.921	6.3522	7	8.43059	9.86753	1.58625	10.4164	109.23	1077.83	32771.4
LJP009_A375_24H_X1_B20:G15	1	power	1.95607	62.9226	4.64209	0.984535	8.73243	0.304018	1.6227	-2.88239	-0.78,1.39	0.36,2.88	-11.37,5.61	0.986984	0.98373	0.362428	303.313	7.54208	4	8.59587	8.76003	1.5791	11.7558	128.815	1128.42	24496.4
LJP009_A375_24H_X1_B20:G16	1	power	2.11888	64.7352	4.32068	0.972208	7.58459	0.120046	1.98139	-1.90077	-0.47,0.71	0.19,3.77	-10.86,7.05	0.977538	0.971923	0.476108	174.08	6.59422	5	8.45597	10.4169	1.5711	11.0582	105.628	1100.31	31759.6
LJP009_A375_24H_X1_B20:G17	1	power	2.12217	64.7694	4.25257	0.982604	8.50214	0.143042	1.92482	-1.97304	-0.39,0.67	0.58,3.27	-8.97,5.02	0.987253	0.984066	0.358662	309.801	7.57838	6	8.49729	12.3422	1.67188	12.1618	110.326	1361.67	32769.1
LJP009_A375_24H_X1_B20:G18	1	power	1.7045	59.6006	5.28103	0.984096	8.67754	0.233026	1.66377	-1.47945	-0.52,0.98	0.53,2.79	-7.89,4.94	0.987403	0.984254	0.356546	313.537	7.59893	1	8.83026	8.05742	1.72513	16.5466	145.123	1169.32	9132.52
LJP009_A375_24H_X1_B20:G19	1	power	1.89525	62.1823	4.84308	0.966462	7.21627	0.0503162	2.26008	0.0304223	-0.17,0.27	0.61,3.91	-5.69,5.75	0.977147	0.971434	0.480236	171.031	6.56422	4	8.28635	10.1458	1.72452	11.7565	96.3423	977.471	21912.2
LJP009_A375_24H_X1_B20:G20	1	power	1.90206	62.2671	4.84806	0.974604	7.76122	0.16682	1.81952	-1.78772	-0.56,0.90	0.26,3.38	-10.17,6.60	0.979148	0.973935	0.458726	187.831	6.72344	2	8.38624	9.10982	1.6553	11.2729	108.714	990.362	16004.1
LJP009_A375_24H_X1_B20:G21	1	power	1.99801	63.4121	4.5351	0.978118	8.05287	0.242643	1.70327	-2.89858	-0.86,1.35	0.09,3.31	-13.25,7.45	0.980954	0.976193	0.438413	206.019	6.8808	4	8.42566	10.2355	1.66398	10.5811	108.217	1107.66	23508.8
LJP009_A375_24H_X1_B20:G22	1	power	1.90234	62.2705	4.88521	0.965157	7.14139	0.100818	1.99121	-1.25817	-0.40,0.60	0.21,3.78	-9.56,7.04	0.972078	0.965097	0.530832	139.256	6.21621	2	8.42174	9.26383	1.66802	10.4579	101.535	940.601	16796.7
LJP009_A375_24H_X1_B20:G23	1	power	1.95224	62.877	4.70944	0.972238	7.58672	0.121933	1.93525	-1.63702	-0.45,0.69	0.25,3.62	-10.03,6.76	0.977682	0.972102	0.474585	175.224	6.60535	4	8.5098	10.0555	1.68655	10.8772	100.849	1014.1	22595.3
LJP009_A375_24H_X1_B20:G24	1	power	1.79831	60.9225	4.99358	0.97373	7.69494	0.0349437	2.36369	0.542985	-0.09,0.16	1.01,3.71	-3.62,4.70	0.985324	0.981656	0.384839	268.563	7.33363	3	8.68028	8.3919	1.61916	17.0044	133.93	1123.93	22225.3
LJP009_A375_24H_X1_B20:H01	1	power	1.83121	61.3616	4.91921	0.981019	8.33142	0.0902057	2.02363	-0.636525	-0.21,0.39	0.82,3.23	-5.75,4.47	0.987818	0.984773	0.350619	324.363	7.65718	2	8.42027	9.85623	1.76783	14.0412	106.533	1050.01	11808.1
LJP009_A375_24H_X1_B20:H02	1	power	2.06719	64.1847	4.49659	0.952684	6.54109	0.0616313	2.21452	-0.86293	-0.31,0.43	-0.02,4.45	-9.75,8.03	0.961696	0.952119	0.621738	100.427	5.667	5	8.25336	11.7662	1.69554	10.7676	86.4699	1017.42	32164.6
LJP009_A375_24H_X1_B20:H03	1	power	2.38186	67.2254	3.81851	0.969104	7.37709	0.30096	1.70105	-4.41146	-1.58,2.18	-0.54,3.95	-20.89,12.07	0.971279	0.964098	0.538375	135.269	6.16718	18	8.45021	16.4052	1.66435	11.3066	107.758	1767.79	32796.4
LJP009_A375_24H_X1_B20:H04	1	power	1.8239	61.2652	5.00182	0.973591	7.6846	0.0606195	2.16127	-0.239336	-0.18,0.30	0.74,3.58	-5.59,5.11	0.982775	0.978469	0.416925	228.225	7.0554	2	8.4576	8.76717	1.68479	13.085	104.948	920.101	10271.5
LJP009_A375_24H_X1_B20:H05	1	power	1.89651	62.198	4.80638	0.975423	7.82543	0.101467	1.99934	-0.908854	-0.30,0.51	0.55,3.45	-7.33,5.51	0.982097	0.977621	0.425057	219.425	6.98828	2	8.27659	8.4347	1.61234	12.2186	97.5086	822.455	21807.4
LJP009_A375_24H_X1_B20:H06	1	power	2.23331	65.8788	4.15123	0.955337	6.65438	0.938579	1.27835	-7.98734	-6.25,8.13	-1.26,3.82	-40.14,24.16	0.955754	0.944692	0.668221	86.4034	5.4165	5	8.31217	12.733	1.64607	8.9554	83.5876	1064.32	29655.9
LJP009_A375_24H_X1_B20:H07	1	power	1.98283	63.2368	4.61988	0.982048	8.44046	1.87403	1.01739	-10.2085	-7.35,11.10	-0.50,2.54	-37.75,17.34	0.982049	0.977562	0.42562	218.834	6.98369	2	8.64556	7.78247	1.4928	10.3543	127.651	993.443	12221.7
LJP009_A375_24H_X1_B20:H08	1	power	2.131	64.861	4.40723	0.961666	6.95414	0.197613	1.7989	-3.07016	-0.99,1.39	-0.34,3.94	-16.32,10.18	0.96553	0.956913	0.589796	112.044	5.85025	5	8.25298	9.85117	1.54238	9.31379	96.1491	947.181	29070.6
LJP009_A375_24H_X1_B20:H09	1	power	2.29569	66.4621	4.09921	0.966641	7.22677	10.8646	0.554387	-27.5862	-77.87,99.60	-1.51,2.61	-161.00,105.83	0.967837	0.959797	0.569716	120.368	5.97059	12	8.88553	19.9462	1.90671	9.4712	123.488	2463.12	32782.8
LJP009_A375_24H_X1_B20:H10	1	power	2.0707	64.2228	4.42494	0.97915	8.14755	1.29004	1.14879	-8.75303	-5.63,8.21	-0.57,2.87	-34.11,16.61	0.97927	0.974088	0.457383	188.959	6.73362	2	8.44157	8.07542	1.45465	10.5374	119.288	963.299	16417.5
LJP009_A375_24H_X1_B20:H11	1	power	2.65211	69.3406	3.63955	0.933184	5.86304	0.277865	1.74941	-6.44545	-2.48,3.03	-1.74,5.24	-35.56,22.67	0.935645	0.919556	0.805887	58.1551	4.76567	8	8.45534	11.629	1.32328	6.56482	105.148	1222.77	32773.7
LJP009_A375_24H_X1_B20:H12	1	power	2.46486	67.9174	3.67417	0.963601	7.05575	24.5342	0.385089	-48.3815	-277.75,326.82	-2.19,2.96	-428.47,331.71	0.965101	0.956376	0.593457	110.616	5.82875	15	9.04648	18.4357	1.73742	9.08771	135.432	2496.78	32789.6
LJP009_A375_24H_X1_B20:H13	1	power	1.80651	61.0331	5.11516	0.973829	7.70232	0.15758	1.82485	-1.19564	-0.48,0.79	0.38,3.27	-8.45,6.06	0.979196	0.973995	0.458203	188.269	6.7274	1	8.4261	7.9258	1.6353	12.2227	109.91	871.128	11691
LJP009_A375_24H_X1_B20:H14	1	power	1.8218	61.2372	4.89399	0.97927	8.15882	0.193295	1.75867	-1.44828	-0.58,0.96	0.33,3.18	-9.05,6.15	0.982903	0.978629	0.415377	229.959	7.06832	3	8.69866	8.03555	1.61647	17.4301	131.367	1055.61	17988
LJP009_A375_24H_X1_B20:H15	1	power	1.81314	61.122	5.06368	0.974975	7.79005	0.13398	1.89027	-0.7889	-0.38,0.65	0.49,3.29	-7.24,5.66	0.98103	0.976287	0.437543	206.855	6.88769	3	8.48256	7.72947	1.59131	12.893	125.492	969.986	19155.2
LJP009_A375_24H_X1_B20:H16	1	power	1.89897	62.2287	4.87454	0.974369	7.74316	0.163882	1.82231	-1.85474	-0.55,0.88	0.28,3.37	-10.20,6.49	0.979077	0.973846	0.459512	187.175	6.71749	1	8.37926	7.27474	1.49092	11.0836	118.749	863.867	12251.3
LJP009_A375_24H_X1_B20:H17	1	power	1.73149	59.992	5.27752	0.97788	8.03168	0.196306	1.73294	-1.18832	-0.52,0.91	0.43,3.03	-8.05,5.68	0.982263	0.977829	0.42308	221.517	7.00448	1	8.73014	8.869	1.78017	15.8627	125.796	1115.68	11016
LJP009_A375_24H_X1_B20:H18	1	power	1.70016	59.5369	5.35301	0.980869	8.316	0.251496	1.63778	-1.53018	-0.62,1.12	0.42,2.86	-8.61,5.55	0.984208	0.98026	0.399215	249.287	7.20621	1	8.78267	8.63703	1.79046	15.889	137.388	1186.62	9295.49
LJP009_A375_24H_X1_B20:H19	1	power	1.95224	62.8771	4.63046	0.98059	8.28765	0.0941977	2.02765	-1.23135	-0.26,0.45	0.65,3.40	-7.49,5.02	0.986463	0.983078	0.369615	291.478	7.47386	4	8.47199	8.03086	1.50454	13.298	127.802	1026.36	23851.1
LJP009_A375_24H_X1_B20:H20	1	power	2.03972	63.8829	4.40388	0.978226	8.06263	0.842783	1.2867	-6.13518	-3.44,5.12	-0.41,2.99	-24.96,12.69	0.978688	0.97336	0.463764	183.686	6.68549	4	8.75293	10.7356	1.66369	12.1849	141.741	1521.67	26455.6
LJP009_A375_24H_X1_B20:H21	1	power	1.83722	61.4405	4.94448	0.978982	8.13175	0.224231	1.70434	-1.94657	-0.67,1.12	0.29,3.12	-10.21,6.32	0.982369	0.977961	0.421817	222.87	7.01487	2	8.7763	8.14664	1.61272	13.3492	140.53	1144.85	19671.2
LJP009_A375_24H_X1_B20:H22	1	power	2.10688	64.6093	4.39072	0.971321	7.52302	0.126089	1.94819	-2.38429	-0.53,0.79	0.07,3.82	-12.41,7.64	0.976187	0.970234	0.490215	163.978	6.49277	4	8.45526	8.72454	1.46004	10.2188	118.169	1030.97	22441.5
LJP009_A375_24H_X1_B20:H23	1	power	1.96392	63.0155	4.68866	0.976304	7.89691	0.143766	1.87667	-2.02686	-0.49,0.78	0.30,3.45	-10.45,6.40	0.980968	0.97621	0.438248	206.177	6.8821	4	8.68811	9.1218	1.58843	11.5623	127.719	1165.03	19534.3
LJP009_A375_24H_X1_B20:H24	1	power	1.81236	61.1116	4.91912	0.978026	8.04465	0.0717822	2.1112	-0.0824687	-0.19,0.33	0.78,3.44	-5.09,4.93	0.985727	0.982159	0.379527	276.246	7.38192	4	8.83731	9.37036	1.69568	16.7625	144.219	1351.38	23765.3
LJP009_A375_24H_X1_B20:I01	1	power	1.90754	62.3349	4.68601	0.983298	8.58181	0.0946262	2.02066	-0.988617	-0.23,0.42	0.79,3.25	-6.42,4.44	0.989071	0.986339	0.332104	361.996	7.84567	3	8.64165	8.77764	1.61485	14.0651	112.308	985.799	21141.8
LJP009_A375_24H_X1_B20:I02	1	power	2.07897	64.3121	4.47956	0.96562	7.16766	0.123235	1.95517	-2.14069	-0.55,0.80	-0.02,3.93	-12.42,8.14	0.971003	0.963754	0.540949	133.947	6.15061	4	8.2828	9.07663	1.52185	10.498	97.064	881.013	25622.8
LJP009_A375_24H_X1_B20:I03	1	power	1.98917	63.3103	4.74449	0.959755	6.85873	0.22083	1.7327	-2.84716	-1.05,1.49	-0.30,3.76	-15.59,9.90	0.963585	0.954481	0.606213	105.844	5.75486	2	8.58034	9.55527	1.61163	10.4706	117.777	1125.39	20365.6
LJP009_A375_24H_X1_B20:I04	1	power	1.92508	62.55	4.82089	0.970264	7.45211	0.212151	1.74506	-2.06008	-0.78,1.21	0.07,3.42	-11.71,7.59	0.974278	0.967847	0.509492	151.507	6.35876	4	8.31491	9.17647	1.6537	11.703	96.461	885.171	23339
LJP009_A375_24H_X1_B20:I05	1	power	1.82138	61.2317	5.06959	0.967691	7.28945	0.0735865	2.11228	-0.0198153	-0.23,0.38	0.59,3.63	-5.70,5.66	0.977381	0.971726	0.477772	172.842	6.5821	2	8.42716	8.67819	1.67219	12.7535	106.444	923.744	23363.2
LJP009_A375_24H_X1_B20:I06	1	power	1.84302	61.5163	5.03782	0.968401	7.33302	0.123911	1.91237	-1.15218	-0.44,0.69	0.29,3.54	-8.91,6.61	0.974769	0.968461	0.504606	154.533	6.39224	2	8.41895	8.78112	1.66956	11.92	113.975	1000.83	13152.4
LJP009_A375_24H_X1_B20:I07	1	power	2.00431	63.4842	4.57265	0.978001	8.04248	0.400282	1.53269	-3.91006	-1.44,2.24	-0.06,3.13	-16.39,8.57	0.979753	0.974691	0.452025	193.56	6.77456	5	8.36322	8.75042	1.55368	10.5983	112.288	982.565	29635.2
LJP009_A375_24H_X1_B20:I08	1	power	1.96641	63.0449	4.67874	0.961565	6.94898	0.0166756	2.67008	0.63852	-0.06,0.09	0.95,4.39	-4.00,5.28	0.978235	0.972793	0.468668	179.779	6.64894	4	8.21937	10.496	1.67736	11.8144	89.7045	941.537	23038.4
LJP009_A375_24H_X1_B20:I09	1	power	1.87875	61.9751	4.88764	0.97816	8.05667	0.206297	1.74239	-1.95641	-0.62,1.04	0.31,3.17	-10.11,6.20	0.981968	0.97746	0.426585	217.826	6.97581	1	8.41041	7.91122	1.56929	12.3266	118.854	940.28	13462.7
LJP009_A375_24H_X1_B20:I10	1	power	1.97525	63.1485	4.6822	0.96891	7.36483	0.306597	1.62343	-2.99285	-1.26,1.87	-0.18,3.43	-15.25,9.27	0.971593	0.964491	0.535421	136.81	6.1863	4	8.37274	9.31899	1.62159	10.6149	104.504	973.87	25663.5
LJP009_A375_24H_X1_B20:I11	1	power	1.95	62.8503	4.72233	0.950346	6.4464	0.0206893	2.60712	0.75422	-0.09,0.13	0.61,4.60	-4.68,6.18	0.967336	0.959171	0.574135	118.461	5.94375	5	8.07854	9.59585	1.62909	12.0241	90.6223	869.598	29057.5
LJP009_A375_24H_X1_B20:I12	1	power	1.92423	62.5396	4.83004	0.968409	7.33349	0.117973	1.95539	-1.10227	-0.42,0.65	0.31,3.60	-8.75,6.55	0.975091	0.968864	0.50137	156.586	6.4146	4	8.45315	10.2149	1.7126	11.7777	102.796	1050.06	30594
LJP009_A375_24H_X1_B20:I13	1	power	2.00995	63.5485	4.63221	0.969281	7.38836	0.269642	1.67152	-3.02482	-1.11,1.65	-0.13,3.47	-15.00,8.95	0.972344	0.965431	0.528292	140.636	6.23287	4	8.53589	11.2161	1.7178	9.97282	105.221	1180.17	26627.2
LJP009_A375_24H_X1_B20:I14	1	power	1.8187	61.1961	5.06415	0.975548	7.8354	0.392619	1.50879	-2.8295	-1.28,2.07	0.02,2.99	-13.50,7.84	0.977597	0.971997	0.47548	174.551	6.59881	1	8.64842	8.41176	1.67382	13.4274	120.652	1014.9	16718.4
LJP009_A375_24H_X1_B20:I15	1	power	1.91462	62.4221	4.79788	0.979622	8.19238	0.364964	1.55132	-3.11952	-1.12,1.85	0.13,2.98	-13.38,7.14	0.981753	0.977191	0.429122	215.211	6.95521	4	8.58307	9.14336	1.65486	11.4121	113.598	1038.67	20815.5
LJP009_A375_24H_X1_B20:I16	1	power	1.89051	62.1231	4.89349	0.976858	7.94328	0.374692	1.53828	-3.04356	-1.21,1.96	0.06,3.02	-13.69,7.60	0.979047	0.973809	0.459839	186.903	6.71501	4	8.60656	9.50712	1.70208	11.5041	116.334	1106	17195.1
LJP009_A375_24H_X1_B20:I17	1	power	1.91784	62.4615	4.82422	0.97828	8.06749	0.631402	1.36155	-4.78166	-2.22,3.48	-0.16,2.88	-19.17,9.60	0.979195	0.973993	0.458215	188.259	6.72731	2	8.61661	8.91442	1.63822	11.4124	116.474	1038.3	18348.4
LJP009_A375_24H_X1_B20:I18	1	power	1.96216	62.9947	4.8048	0.951276	6.48355	0.0842328	2.08136	-0.920954	-0.40,0.57	-0.04,4.20	-9.94,8.10	0.959802	0.949752	0.636922	95.5069	5.58317	4	8.60583	8.45554	1.51921	10.6038	125.52	1061.34	22930.8
LJP009_A375_24H_X1_B20:I19	1	power	1.70317	59.581	5.36848	0.971124	7.5096	0.0782253	2.05443	0.109745	-0.22,0.37	0.68,3.42	-5.08,5.30	0.980364	0.975455	0.445156	199.705	6.82776	1	8.59907	8.41098	1.743	15.7766	124.579	1047.83	10441.7
LJP009_A375_24H_X1_B20:I20	1	power	2.18605	65.4184	4.35493	0.948576	6.37763	0.102535	2.04139	-2.2353	-0.59,0.79	-0.40,4.48	-14.50,10.03	0.955221	0.944026	0.672232	85.3279	5.39571	4	8.41455	9.61972	1.463	9.19622	112.281	1080.11	23877.1
LJP009_A375_24H_X1_B20:I21	1	power	1.87592	61.9392	4.87753	0.979176	8.14991	0.166081	1.81015	-1.884	-0.49,0.82	0.41,3.21	-9.53,5.76	0.983503	0.979379	0.408026	238.465	7.13036	2	8.6085	8.58111	1.63294	12.2399	113.829	976.777	14734.8
LJP009_A375_24H_X1_B20:I22	1	power	1.74829	60.231	5.14146	0.981577	8.38985	0.150028	1.82326	-1.11552	-0.37,0.67	0.59,3.05	-7.22,4.99	0.986274	0.982843	0.372175	287.428	7.44989	1	8.72962	8.51656	1.72477	16.6487	131.157	1117	11647.6
LJP009_A375_24H_X1_B20:I23	1	power	2.34268	66.8842	4.01232	0.951388	6.48805	0.0280418	2.54098	-1.01035	-0.16,0.22	-0.02,5.10	-10.07,8.05	0.962631	0.953289	0.614099	103.04	5.70995	9	8.46903	14.3782	1.58631	8.70016	95.8626	1378.33	32776
LJP009_A375_24H_X1_B20:I24	1	power	1.79133	60.8278	4.95885	0.973509	7.6785	0.104741	1.95893	-0.766227	-0.32,0.53	0.49,3.43	-7.32,5.79	0.980202	0.975253	0.446985	198.041	6.81352	1	8.36795	7.70213	1.61805	11.7465	117.118	902.056	14419.1
LJP009_A375_24H_X1_B20:J01	1	power	1.91734	62.4554	4.55165	0.97971	8.20078	0.0218959	2.58259	0.949745	-0.04,0.08	1.51,3.65	-1.89,3.79	0.992436	0.990545	0.276289	524.809	8.48496	7	8.50666	9.99854	1.62449	17.5299	130.48	1304.61	32771.4
LJP009_A375_24H_X1_B20:J02	1	power	1.91325	62.4053	4.74033	0.979604	8.1906	0.114074	1.95892	-1.15376	-0.32,0.54	0.60,3.32	-7.50,5.19	0.985304	0.98163	0.385106	268.185	7.33122	4	8.40445	8.1825	1.55354	13.0914	122.895	1005.59	28935.7
LJP009_A375_24H_X1_B20:J03	1	power	1.94861	62.8337	4.64909	0.983449	8.59953	0.281328	1.64182	-3.04113	-0.81,1.37	0.29,2.99	-12.19,6.11	0.985896	0.98237	0.377275	279.602	7.4026	4	8.51504	8.44231	1.56411	11.2902	121.992	1029.89	25047
LJP009_A375_24H_X1_B20:J04	1	power	1.92139	62.505	4.69659	0.978359	8.07459	0.100382	2.00346	-1.0773	-0.29,0.50	0.58,3.43	-7.51,5.36	0.984421	0.980526	0.396506	252.759	7.22986	2	8.35671	7.27623	1.47525	12.0212	113.162	823.393	13438.4
LJP009_A375_24H_X1_B20:J05	1	power	1.81675	61.1701	5.02224	0.979861	8.21548	0.526817	1.40331	-3.85863	-1.69,2.75	-0.03,2.83	-16.00,8.29	0.981025	0.976281	0.437597	206.803	6.88727	1	8.66193	7.6066	1.59897	14.2238	134.568	1023.6	9369.26
LJP009_A375_24H_X1_B20:J06	1	power	1.9388	62.7161	4.73966	0.980019	8.23091	0.887098	1.2512	-6.02393	-3.17,4.94	-0.26,2.76	-23.12,11.07	0.980438	0.975548	0.444308	200.483	6.83439	2	8.69618	8.90492	1.62152	11.3858	123.739	1101.88	19336.3
LJP009_A375_24H_X1_B20:J07	1	power	2.05583	64.0607	4.38689	0.968907	7.36467	0.107231	2.007	-1.58741	-0.45,0.67	0.11,3.90	-10.66,7.48	0.974537	0.968172	0.506913	153.093	6.37639	5	8.26216	8.92095	1.52366	11.0603	102.756	916.682	32061.5
LJP009_A375_24H_X1_B20:J08	1	power	1.95193	62.8733	4.72535	0.972549	7.6088	0.213757	1.7397	-2.46925	-0.81,1.24	0.04,3.44	-12.72,7.78	0.976126	0.970158	0.490841	163.55	6.48833	4	8.45149	8.39213	1.55838	10.7889	113.488	952.41	25458.9
LJP009_A375_24H_X1_B20:J09	1	power	2.01904	63.6515	4.63665	0.969903	7.42844	0.481019	1.47223	-4.446	-2.06,3.03	-0.35,3.29	-19.96,11.07	0.971436	0.964295	0.5369	136.036	6.17671	4	8.58668	10.474	1.66662	10.0662	111.267	1165.41	27710.6
LJP009_A375_24H_X1_B20:J10	1	power	1.86791	61.8373	4.87828	0.976878	7.94493	0.087847	2.04582	-0.602564	-0.24,0.41	0.69,3.40	-6.26,5.06	0.984282	0.980353	0.398273	250.486	7.21441	2	8.40746	7.7274	1.55592	12.1109	111.623	862.557	20799.3
LJP009_A375_24H_X1_B20:J11	1	power	1.8803	61.9946	4.83422	0.981974	8.43244	0.39996	1.51053	-3.37067	-1.18,1.98	0.15,2.87	-13.65,6.91	0.983727	0.979659	0.405244	241.806	7.15413	1	8.5521	7.93113	1.57687	13.8654	123.135	976.595	15152.7
LJP009_A375_24H_X1_B20:J12	1	power	1.91497	62.4264	4.81169	0.972115	7.57803	0.158184	1.84753	-1.52201	-0.54,0.85	0.26,3.43	-9.67,6.63	0.977233	0.971541	0.479335	171.69	6.57075	2	8.3297	9.13334	1.65348	11.5937	99.3228	907.15	21612.5
LJP009_A375_24H_X1_B20:J13	1	power	1.77455	60.5977	5.0503	0.981051	8.33471	0.0886083	2.02376	-0.279081	-0.19,0.37	0.89,3.16	-4.88,4.32	0.988345	0.985431	0.342959	339.195	7.73392	2	8.50221	8.42794	1.69371	14.8428	116.23	979.579	13533.7
LJP009_A375_24H_X1_B20:J14	1	power	1.84809	61.5822	4.95249	0.976821	7.94017	0.136278	1.88894	-1.00602	-0.38,0.65	0.52,3.26	-7.51,5.49	0.982553	0.978191	0.419611	225.262	7.03309	2	8.59453	8.83234	1.66369	13.2163	119.514	1055.59	16859.8
LJP009_A375_24H_X1_B20:J15	1	power	1.90788	62.3391	4.77999	0.981233	8.35362	0.236836	1.69216	-2.64212	-0.72,1.19	0.28,3.10	-11.53,6.24	0.984196	0.980245	0.39936	249.102	7.20494	2	8.49516	8.38388	1.59376	11.5007	115.571	968.933	13585.5
LJP009_A375_24H_X1_B20:J16	1	power	1.95212	62.8756	4.78866	0.965356	7.15265	0.0886283	2.05666	-1.02199	-0.34,0.52	0.28,3.83	-8.76,6.72	0.973069	0.966337	0.521322	144.53	6.27901	3	8.59542	8.71921	1.55342	11.1784	125.095	1090.73	19425.9
LJP009_A375_24H_X1_B20:J17	1	power	1.8727	61.8983	4.87999	0.97615	7.88427	0.111522	1.96014	-0.966459	-0.33,0.55	0.54,3.38	-7.43,5.49	0.982463	0.978079	0.420683	224.095	7.02422	2	8.30527	8.58709	1.6382	11.8675	104.065	893.619	17595
LJP009_A375_24H_X1_B20:J18	1	power	1.71403	59.7398	5.18	0.980105	8.23934	0.0626176	2.13607	0.31577	-0.14,0.26	0.98,3.29	-3.76,4.39	0.98851	0.985638	0.340515	344.139	7.75877	2	8.55017	8.44982	1.73948	17.4845	119.381	1008.75	11048.1
LJP009_A375_24H_X1_B20:J19	1	power	1.7754	60.6095	5.08602	0.984737	8.75811	0.186248	1.75332	-1.53021	-0.41,0.78	0.63,2.88	-7.63,4.57	0.98865	0.985812	0.338444	348.412	7.77996	1	8.45515	8.3868	1.71262	12.9949	109.962	922.231	9766.69
LJP009_A375_24H_X1_B20:J20	1	power	1.78714	60.7706	5.18608	0.963641	7.0579	0.0615408	2.16095	0.0978435	-0.20,0.33	0.59,3.74	-5.59,5.79	0.974767	0.968458	0.504627	154.52	6.3921	2	8.26497	8.14599	1.6596	11.8234	104.343	849.974	15066.9
LJP009_A375_24H_X1_B20:J21	1	power	2.0094	63.5423	4.57162	0.982298	8.46792	0.70745	1.3352	-6.0823	-2.52,3.94	-0.18,2.85	-22.24,10.08	0.982939	0.978674	0.414936	230.456	7.07201	2	8.6034	9.23347	1.58972	11.0469	117.883	1088.46	18283.7
LJP009_A375_24H_X1_B20:J22	1	power	1.69606	59.4764	5.21471	0.984577	8.73767	0.0740554	2.06507	0.0706653	-0.12,0.27	1.11,3.02	-3.54,3.68	0.992049	0.990061	0.283268	499.072	8.39828	1	8.61262	8.50275	1.76897	17.382	120.595	1025.39	8806.53
LJP009_A375_24H_X1_B20:J23	1	power	1.77327	60.5801	5.01022	0.977206	7.97293	0.0393294	2.32498	0.699988	-0.08,0.16	1.17,3.48	-2.86,4.26	0.988706	0.985883	0.337596	350.185	7.78868	4	8.58615	8.41304	1.66238	14.8876	122.033	1026.67	16838.6
LJP009_A375_24H_X1_B20:J24	1	power	1.91336	62.4066	4.82457	0.966719	7.23134	0.040204	2.32886	-0.0981338	-0.14,0.22	0.68,3.98	-5.77,5.57	0.978147	0.972684	0.469608	179.043	6.64198	4	8.43379	8.4535	1.56895	11.3204	108.201	914.673	20304.8
LJP009_A375_24H_X1_B20:K01	1	power	1.71829	59.8017	5.25858	0.977797	8.02441	0.137116	1.85511	-0.678737	-0.36,0.63	0.56,3.15	-6.67,5.31	0.983377	0.979221	0.409578	236.632	7.11717	1	8.74851	8.70085	1.76608	16.5288	129.575	1127.41	10077.3
LJP009_A375_24H_X1_B20:K02	1	power	1.8426	61.5108	5.03368	0.962646	7.00493	0.0585701	2.18736	-0.106113	-0.21,0.33	0.50,3.88	-6.29,6.08	0.973257	0.966571	0.519502	145.572	6.29117	2	8.34643	9.04224	1.70024	12.1796	93.4597	845.085	14340.9
LJP009_A375_24H_X1_B20:K03	1	power	1.88348	62.0348	4.92548	0.970169	7.44582	0.14031	1.87637	-1.50123	-0.51,0.79	0.21,3.54	-9.88,6.88	0.975546	0.969433	0.496771	159.574	6.44661	2	8.4833	9.96154	1.73561	11.8223	102.864	1024.69	12950.6
LJP009_A375_24H_X1_B20:K04	1	power	1.83111	61.3603	4.95101	0.979769	8.20648	0.105406	1.96967	-0.804704	-0.27,0.48	0.69,3.24	-6.46,4.85	0.98603	0.982538	0.375471	282.334	7.41925	2	8.42705	9.21344	1.72074	12.3417	107.095	986.713	14827.7
LJP009_A375_24H_X1_B20:K05	1	power	1.86511	61.8015	4.92696	0.97759	8.00622	0.16918	1.80667	-1.68207	-0.50,0.84	0.40,3.21	-9.22,5.86	0.982197	0.977747	0.423861	220.687	6.99807	2	8.47371	7.64885	1.55751	11.6036	115.249	881.523	13074.7
LJP009_A375_24H_X1_B20:K06	1	power	1.97487	63.1441	4.63648	0.967261	7.2635	0.0649678	2.18878	-0.356034	-0.23,0.36	0.48,3.90	-6.82,6.11	0.976294	0.970368	0.489113	164.736	6.50059	4	8.31631	10.2268	1.666	11.3861	97.094	992.959	29295.3
LJP009_A375_24H_X1_B20:K07	1	power	2.04178	63.9059	4.49106	0.973556	7.68196	0.0944969	2.05337	-1.32514	-0.33,0.52	0.39,3.71	-8.82,6.17	0.979882	0.974852	0.450584	194.827	6.78566	3	8.31034	9.36304	1.56276	11.8975	98.6171	923.356	18361.4
LJP009_A375_24H_X1_B20:K08	1	power	2.15576	65.1146	4.29845	0.957278	6.74157	0.134989	1.94406	-2.33979	-0.73,1.00	-0.38,4.27	-14.69,10.01	0.962209	0.952762	0.617553	101.847	5.69047	5	8.42735	10.966	1.57616	11.0011	102.695	1126.15	28680.6
LJP009_A375_24H_X1_B20:K09	1	power	2.23648	65.9091	4.17102	0.944704	6.23503	0.141723	1.93476	-2.85496	-0.96,1.25	-0.88,4.75	-18.72,13.01	0.949225	0.936531	0.715826	74.7789	5.1774	6	8.66747	10.2007	1.46216	9.21366	128.829	1314.15	32769.1
LJP009_A375_24H_X1_B20:K10	1	power	2.03066	63.782	4.53849	0.955125	6.64507	0.0211859	2.60069	0.352831	-0.09,0.14	0.57,4.63	-5.52,6.23	0.97017	0.962712	0.548668	130.093	6.10138	6	8.42977	9.71664	1.56033	11.4752	101.799	989.14	32769.1
LJP009_A375_24H_X1_B20:K11	1	power	1.97589	63.156	4.75348	0.955782	6.674	0.101195	2.01348	-1.31187	-0.47,0.67	-0.04,4.07	-10.76,8.14	0.963035	0.953793	0.610773	104.21	5.72882	3	8.36414	9.0838	1.58664	11.03	102.598	931.975	20301.2
LJP009_A375_24H_X1_B20:K12	1	power	1.94834	62.8305	4.73258	0.975182	7.80628	0.195225	1.78165	-1.87502	-0.64,1.03	0.25,3.31	-10.35,6.60	0.97942	0.974275	0.45573	190.361	6.7462	4	8.46521	8.90803	1.59897	11.4728	112.139	998.94	25675.1
LJP009_A375_24H_X1_B20:K13	1	power	2.03469	63.827	4.54809	0.973873	7.70565	1.16556	1.17916	-7.15904	-5.01,7.35	-0.56,2.92	-29.77,15.45	0.974088	0.96761	0.511365	150.37	6.34601	5	8.59123	8.84208	1.54114	10.5823	127.703	1129.16	27813.1
LJP009_A375_24H_X1_B20:K14	1	power	2.06548	64.1661	4.40114	0.975951	7.86797	0.636886	1.3842	-5.46995	-2.72,3.99	-0.40,3.17	-23.01,12.07	0.976782	0.970978	0.484052	168.282	6.53672	4	8.64716	12.6336	1.75817	9.77496	112.695	1423.75	29875.3
LJP009_A375_24H_X1_B20:K15	1	power	1.85117	61.6221	4.96196	0.976743	7.93351	0.258486	1.65967	-2.16904	-0.80,1.31	0.22,3.10	-11.01,6.67	0.980007	0.975009	0.44918	196.071	6.7965	2	8.67147	9.31498	1.71154	13.1893	122.111	1137.46	17055.9
LJP009_A375_24H_X1_B20:K16	1	power	2.09041	64.4347	4.4693	0.971024	7.5028	0.423562	1.53231	-4.13606	-1.76,2.61	-0.27,3.34	-18.54,10.27	0.9729	0.966125	0.522956	143.603	6.26814	4	8.52494	9.11261	1.51044	10.1737	122.562	1116.86	26935.3
LJP009_A375_24H_X1_B20:K17	1	power	1.94273	62.7633	4.69367	0.983556	8.61228	0.470965	1.46073	-4.46795	-1.45,2.39	0.08,2.85	-16.39,7.45	0.984847	0.981059	0.39105	259.974	7.278	1	8.46913	7.58761	1.49982	11.9919	119.651	907.868	8987.66
LJP009_A375_24H_X1_B20:K18	1	power	1.79258	60.8448	4.93185	0.990962	9.78328	0.727266	1.28931	-4.8303	-1.51,2.96	0.27,2.31	-15.02,5.35	0.991469	0.989336	0.293422	464.857	8.27592	1	8.49906	8.59734	1.72688	17.2508	117.018	1006.04	7948.77
LJP009_A375_24H_X1_B20:K19	1	power	1.70924	59.67	5.31872	0.966723	7.23158	0.0424655	2.28397	0.790701	-0.12,0.21	0.86,3.71	-3.59,5.17	0.979703	0.974628	0.452586	193.071	6.77025	2	8.40247	8.12054	1.70105	15.2585	115.086	934.558	11383.3
LJP009_A375_24H_X1_B20:K20	1	power	1.69133	59.4062	5.34132	0.979663	8.19633	0.153011	1.81079	-0.71138	-0.37,0.67	0.60,3.03	-6.51,5.08	0.984847	0.981058	0.391056	259.965	7.27795	1	8.60972	8.77941	1.80913	16.5128	124.591	1093.83	9723.13
LJP009_A375_24H_X1_B20:K21	1	power	2.1399	64.9528	4.39897	0.95582	6.6757	0.0987828	2.04298	-2.11189	-0.53,0.73	-0.27,4.36	-13.58,9.35	0.962079	0.952599	0.618618	101.483	5.68448	4	8.59083	11.1225	1.58181	9.68393	114.029	1268.28	26641.7
LJP009_A375_24H_X1_B20:K22	1	power	2.13586	64.9112	4.36548	0.959977	6.86961	0.0715937	2.16396	-1.47672	-0.35,0.49	0.00,4.33	-10.90,7.95	0.96752	0.9594	0.572518	119.153	5.95355	4	8.4003	9.53677	1.48736	10.4169	111.042	1058.98	25437.4
LJP009_A375_24H_X1_B20:K23	1	power	1.97337	63.1266	4.76423	0.961715	6.95666	0.0852265	2.06648	-1.27484	-0.37,0.54	0.14,3.99	-9.89,7.34	0.969328	0.96166	0.556356	126.413	6.05304	2	8.5845	8.13809	1.49977	10.472	117.218	953.928	18588.3
LJP009_A375_24H_X1_B20:K24	1	power	1.8201	61.2148	4.9556	0.981719	8.4049	0.15946	1.81225	-1.64087	-0.43,0.74	0.52,3.11	-8.52,5.24	0.985942	0.982427	0.376656	280.535	7.4083	2	8.68571	7.98944	1.61406	15.2038	131.791	1052.93	15361.8
LJP009_A375_24H_X1_B20:L01	1	power	1.99329	63.3579	4.61282	0.972492	7.60474	0.0631859	2.18278	-0.793256	-0.22,0.34	0.57,3.80	-7.26,5.67	0.980745	0.975931	0.440813	203.738	6.86182	4	8.57427	9.33649	1.57182	11.8718	116.97	1092.09	30592.6
LJP009_A375_24H_X1_B20:L02	1	power	1.92045	62.4935	4.80205	0.974012	7.71611	0.204205	1.75139	-2.2193	-0.73,1.13	0.14,3.37	-11.64,7.20	0.977799	0.972249	0.473336	176.171	6.6145	4	8.60608	8.41133	1.57248	12.5949	126.738	1066.04	26459.7
LJP009_A375_24H_X1_B20:L03	1	power	1.87837	61.9702	4.85074	0.962338	6.98888	0.023301	2.54937	0.906261	-0.07,0.12	0.99,4.11	-3.35,5.16	0.978954	0.973692	0.460862	186.057	6.70729	5	8.14178	8.40421	1.61136	12.8582	88.8465	746.685	29435.1
LJP009_A375_24H_X1_B20:L04	1	power	1.81215	61.1088	5.05831	0.975733	7.8503	0.141701	1.86572	-0.991239	-0.40,0.69	0.48,3.25	-7.62,5.64	0.981443	0.976803	0.432753	211.549	6.92594	2	8.54642	9.34452	1.74703	13.2502	111.287	1039.92	18532.3
LJP009_A375_24H_X1_B20:L05	1	power	1.71999	59.8264	5.3389	0.976617	7.92299	0.745378	1.27138	-3.99279	-2.38,3.87	-0.13,2.67	-17.28,9.29	0.977275	0.971594	0.47889	172.017	6.57398	1	8.70251	7.63654	1.69332	15.7966	141.645	1081.68	11037.4
LJP009_A375_24H_X1_B20:L06	1	power	1.63127	58.4909	5.46467	0.982983	8.54518	0.109424	1.92257	0.125116	-0.19,0.41	0.93,2.91	-3.85,4.10	0.98978	0.987225	0.321144	387.403	7.96226	1	8.52081	7.73577	1.76541	17.0983	122.67	948.951	8952.34
LJP009_A375_24H_X1_B20:L07	1	power	1.99649	63.3947	4.54416	0.983383	8.59181	1.7689	1.03782	-9.33951	-6.40,9.93	-0.41,2.49	-33.87,15.19	0.983392	0.97924	0.409394	236.848	7.11873	3	8.47592	9.94104	1.65932	10.4312	112.403	1117.41	22287.2
LJP009_A375_24H_X1_B20:L08	1	power	1.98702	63.2855	4.73519	0.957929	6.77168	0.386377	1.53898	-3.98832	-1.98,2.75	-0.57,3.65	-20.54,12.57	0.960011	0.950014	0.635262	96.0275	5.59224	4	8.2921	9.26709	1.61519	9.82837	96.4023	893.369	22719.8
LJP009_A375_24H_X1_B20:L09	1	power	2.11721	64.7177	4.35811	0.956774	6.71852	0.130235	1.94795	-2.15273	-0.67,0.93	-0.29,4.18	-13.86,9.56	0.962172	0.952715	0.617857	101.742	5.68875	4	8.11918	10.4333	1.5995	9.70401	84.2356	878.852	28370.7
LJP009_A375_24H_X1_B20:L10	1	power	1.87287	61.9005	5.00488	0.968251	7.3237	0.275632	1.63645	-2.63931	-1.06,1.62	-0.06,3.34	-13.74,8.46	0.97145	0.964313	0.536763	136.107	6.1776	1	8.31629	6.99002	1.48964	10.8496	116.918	817.256	12034.8
LJP009_A375_24H_X1_B20:L11	1	power	2.0559	64.0615	4.48642	0.975752	7.85179	0.535615	1.44214	-4.85033	-2.14,3.21	-0.27,3.15	-20.24,10.54	0.976958	0.971198	0.482214	169.599	6.54995	4	8.51167	10.3319	1.62909	10.0398	112.42	1161.51	27745.2
LJP009_A375_24H_X1_B20:L12	1	power	1.95484	62.908	4.72951	0.971828	7.55797	0.187432	1.78652	-2.27654	-0.72,1.10	0.06,3.51	-12.18,7.62	0.975813	0.969767	0.49405	161.38	6.4657	2	8.40737	8.00041	1.51971	11.547	112.903	903.267	15236
LJP009_A375_24H_X1_B20:L13	1	power	1.92475	62.546	4.82018	0.977691	8.01503	0.910676	1.23974	-6.12927	-3.36,5.18	-0.30,2.78	-23.89,11.63	0.978104	0.97263	0.470073	178.681	6.63854	1	8.58612	9.499	1.68218	11.7876	117.955	1120.45	10353.3
LJP009_A375_24H_X1_B20:L14	1	power	1.82683	61.3039	5.00064	0.982397	8.47895	0.422535	1.48336	-3.12716	-1.17,2.01	0.18,2.78	-12.91,6.65	0.984091	0.980114	0.400683	247.433	7.19345	2	8.67843	8.35144	1.65773	12.6409	131.276	1096.34	15052.6
LJP009_A375_24H_X1_B20:L15	1	power	1.67969	59.2327	5.32818	0.978715	8.1071	0.0894102	2.00612	0.176878	-0.19,0.37	0.86,3.16	-4.23,4.59	0.986583	0.983229	0.367966	294.133	7.4894	1	8.57502	7.7046	1.69294	17.017	134.165	1033.69	12151
LJP009_A375_24H_X1_B20:L16	1	power	1.89363	62.1621	4.86548	0.970171	7.446	0.422519	1.49926	-3.23608	-1.66,2.50	-0.22,3.22	-16.10,9.63	0.972007	0.965009	0.531501	138.895	6.21183	2	8.64748	8.64208	1.62349	14.2376	127.33	1100.4	16727.6
LJP009_A375_24H_X1_B20:L17	1	power	1.80897	61.0661	5.02104	0.979377	8.1689	0.116985	1.92779	-0.86295	-0.30,0.54	0.64,3.22	-6.75,5.02	0.98532	0.981651	0.384892	268.488	7.33315	2	8.57127	7.74927	1.592	13.716	132.433	1026.26	15406
LJP009_A375_24H_X1_B20:L18	1	power	2.08228	64.3476	4.38814	0.962297	6.98673	0.160636	1.87233	-2.17536	-0.79,1.11	-0.27,4.01	-13.82,9.47	0.966711	0.958389	0.579603	116.161	5.91082	5	8.44796	11.4413	1.65057	10.4983	116.925	1337.78	31222.6
LJP009_A375_24H_X1_B20:L19	1	power	1.68972	59.3824	5.18085	0.989934	9.57259	0.136211	1.84811	-0.606154	-0.16,0.43	1.08,2.61	-4.13,2.92	0.994762	0.993453	0.229904	759.718	9.12349	1	8.58918	7.63754	1.7034	17.2728	126.119	963.236	8169.83
LJP009_A375_24H_X1_B20:L20	1	power	1.99407	63.3668	4.54838	0.982751	8.51867	0.245625	1.68772	-3.46308	-0.78,1.28	0.23,3.14	-13.39,6.47	0.985285	0.981606	0.385359	267.828	7.32894	2	8.32132	9.25296	1.60564	12.2597	100.681	931.598	13854.3
LJP009_A375_24H_X1_B20:L21	1	power	1.74459	60.1787	5.25712	0.971473	7.53345	0.147159	1.83905	-0.783797	-0.45,0.74	0.38,3.30	-7.70,6.13	0.97734	0.971674	0.478208	172.519	6.57893	2	8.62488	7.70775	1.64323	15.0051	135.601	1045.18	16057.2
LJP009_A375_24H_X1_B20:L22	1	power	1.71083	59.6933	5.23247	0.975169	7.80532	0.0611445	2.14141	0.281311	-0.16,0.28	0.83,3.45	-4.35,4.91	0.984293	0.980367	0.398131	250.668	7.21566	2	8.58657	7.6156	1.65149	17.1505	128.614	979.476	14954.6
LJP009_A375_24H_X1_B20:L23	1	power	1.97734	63.173	4.75812	0.954926	6.63637	0.110619	1.9752	-1.60289	-0.53,0.76	-0.12,4.07	-11.82,8.61	0.961662	0.952077	0.622014	100.334	5.66546	4	8.42499	8.85939	1.56428	10.3076	112.213	994.139	19773.3
LJP009_A375_24H_X1_B20:L24	1	power	1.9361	62.6835	4.86112	0.943515	6.19322	0.0208256	2.58076	0.480433	-0.10,0.14	0.41,4.75	-5.74,6.70	0.960811	0.951014	0.628873	98.0703	5.62736	5	8.49611	9.5877	1.60702	11.0252	108.506	1040.32	29769.4
LJP009_A375_24H_X1_B20:M01	1	power	1.71575	59.7648	5.14135	0.985585	8.86998	0.071095	2.08444	0.0660244	-0.10,0.25	1.19,2.98	-3.28,3.41	0.993203	0.991503	0.261909	584.472	8.67066	2	8.59557	8.14741	1.71083	17.1509	125.685	1024.01	11052.4
LJP009_A375_24H_X1_B20:M02	1	power	1.90186	62.2646	4.80279	0.970506	7.46809	0.0307955	2.42582	0.25608	-0.09,0.15	0.94,3.91	-4.42,4.93	0.983069	0.978836	0.41336	232.248	7.08524	2	8.27828	8.01811	1.54304	12.5562	105.817	848.455	21941.2
LJP009_A375_24H_X1_B20:M03	1	power	1.87744	61.9584	4.8342	0.983495	8.60494	0.279195	1.63474	-2.54289	-0.73,1.29	0.36,2.91	-10.77,5.68	0.986158	0.982697	0.373756	284.967	7.43515	4	8.66985	8.21069	1.59797	11.8978	127.397	1046.02	22524.4
LJP009_A375_24H_X1_B20:M04	1	power	1.82386	61.2646	5.01472	0.979554	8.18584	0.208073	1.73511	-1.48548	-0.55,0.96	0.44,3.04	-8.57,5.60	0.983633	0.979542	0.406409	240.399	7.14416	3	8.63138	8.53595	1.66816	13.2486	121.569	1037.71	23841.1
LJP009_A375_24H_X1_B20:M05	1	power	1.75909	60.3828	5.08035	0.979639	8.19399	0.212678	1.70344	-1.6932	-0.58,1.00	0.40,3.01	-9.11,5.73	0.983394	0.979242	0.409374	236.871	7.1189	1	8.48179	7.15326	1.59402	13.0832	127.124	909.349	10473.1
LJP009_A375_24H_X1_B20:M06	1	power	1.77177	60.5593	5.1883	0.96845	7.33604	0.0661605	2.13453	0.14134	-0.20,0.33	0.67,3.60	-5.17,5.45	0.978636	0.973296	0.464322	183.235	6.68131	2	8.39155	8.156	1.67228	13.1588	106.661	869.931	18367.2
LJP009_A375_24H_X1_B20:M07	1	power	1.84785	61.5791	5.03135	0.972908	7.63457	0.228578	1.69513	-2.25682	-0.79,1.25	0.13,3.26	-11.75,7.24	0.976569	0.970712	0.486267	166.716	6.52086	2	8.45799	8.09742	1.61206	11.1531	121.765	985.98	12630
LJP009_A375_24H_X1_B20:M08	1	power	1.92683	62.5713	4.82142	0.968034	7.31039	0.150307	1.86682	-1.5547	-0.57,0.87	0.13,3.60	-10.40,7.29	0.973315	0.966643	0.518941	145.895	6.29491	3	8.37987	9.63309	1.67832	11.3399	98.7545	951.311	22898.5
LJP009_A375_24H_X1_B20:M09	1	power	1.67774	59.2034	5.40929	0.97803	8.04504	0.120219	1.89378	-0.332016	-0.29,0.53	0.66,3.12	-5.68,5.01	0.984416	0.98052	0.396571	252.675	7.2293	1	8.57263	8.73351	1.81849	16.2836	118.748	1037.08	9271.03
LJP009_A375_24H_X1_B20:M10	1	power	1.85779	61.7075	4.98508	0.976037	7.87497	0.357272	1.54366	-3.12266	-1.20,1.92	0.03,3.05	-14.04,7.79	0.978254	0.972817	0.468464	179.939	6.65045	1	8.51449	8.63244	1.65835	11.673	120.053	1036.35	14253.1
LJP009_A375_24H_X1_B20:M11	1	power	1.73217	60.0018	5.26606	0.980255	8.25414	0.339071	1.54238	-2.13065	-0.89,1.57	0.27,2.81	-10.45,6.19	0.982697	0.978371	0.417872	227.174	7.04752	2	8.66489	7.7809	1.6831	15.9715	137.438	1069.39	10149.7
LJP009_A375_24H_X1_B20:M12	1	power	1.91145	62.3831	4.90193	0.972557	7.60932	0.742584	1.30694	-5.1203	-2.93,4.41	-0.35,2.96	-21.87,11.63	0.973285	0.966606	0.519235	145.726	6.29295	2	8.67066	9.24993	1.66992	10.8478	122.396	1132.16	21253.3
LJP009_A375_24H_X1_B20:M13	1	power	2.0091	63.5389	4.51368	0.980981	8.32744	1.48386	1.09531	-8.62679	-5.90,8.86	-0.49,2.68	-32.96,15.71	0.981033	0.976291	0.437503	206.893	6.88801	4	8.61617	11.6328	1.76018	9.7918	111.713	1299.54	21278.8
LJP009_A375_24H_X1_B20:M14	1	power	2.00628	63.5067	4.68699	0.970324	7.45605	0.693885	1.34209	-5.88525	-3.14,4.53	-0.50,3.19	-25.15,13.38	0.971117	0.963896	0.539889	134.489	6.15743	2	8.53832	8.92907	1.56635	10.9383	123.34	1101.32	14904.6
LJP009_A375_24H_X1_B20:M15	1	power	1.9015	62.26	4.85945	0.971125	7.50968	0.169048	1.81166	-1.93069	-0.62,0.96	0.15,3.47	-11.04,7.18	0.975694	0.969617	0.495269	160.567	6.45713	2	8.30629	8.23304	1.58283	11.6845	110.962	913.558	12283.4
LJP009_A375_24H_X1_B20:M16	1	power	1.69734	59.4952	5.31236	0.980846	8.31364	0.236821	1.65815	-1.41843	-0.59,1.06	0.43,2.89	-8.36,5.52	0.984297	0.980371	0.398087	250.724	7.21604	2	8.80898	7.75768	1.70284	16.482	143.676	1114.59	10659.1
LJP009_A375_24H_X1_B20:M17	1	power	1.68119	59.2551	5.28453	0.982816	8.52611	0.0818853	2.03336	0.182432	-0.14,0.31	1.03,3.04	-3.63,3.99	0.99048	0.9881	0.309952	416.181	8.08551	1	8.61728	8.48514	1.77892	17.0411	123.481	1047.76	10227.6
LJP009_A375_24H_X1_B20:M18	1	power	1.78197	60.6999	5.06465	0.981152	8.34516	0.172294	1.78185	-1.44994	-0.44,0.79	0.51,3.05	-8.16,5.26	0.985405	0.981756	0.38378	270.069	7.3432	1	8.56296	8.37492	1.69518	14.4792	118.072	988.841	12060.6
LJP009_A375_24H_X1_B20:M19	1	power	1.8391	61.4651	4.89634	0.981716	8.40458	0.0939625	2.011	-0.703748	-0.21,0.40	0.82,3.20	-5.81,4.40	0.988292	0.985365	0.343731	337.655	7.72611	2	8.55456	8.16195	1.61212	13.7071	119.914	978.729	14101
LJP009_A375_24H_X1_B20:M20	1	power	1.90191	62.2652	4.80675	0.972391	7.5975	0.0469916	2.28393	0.0443119	-0.14,0.23	0.83,3.74	-4.95,5.04	0.982892	0.978615	0.415512	229.808	7.06719	5	8.39871	10.3033	1.71923	13.0594	102.201	1053.01	26919.9
LJP009_A375_24H_X1_B20:M21	1	power	1.79888	60.9302	5.04453	0.977795	8.02421	0.154909	1.82574	-1.21424	-0.44,0.75	0.46,3.20	-8.13,5.70	0.982726	0.978408	0.417521	227.563	7.05043	2	8.55623	8.30582	1.67436	11.9733	116.715	969.417	17761.5
LJP009_A375_24H_X1_B20:M22	1	power	1.83149	61.3654	4.94407	0.973486	7.67684	0.0564255	2.18568	-0.259478	-0.17,0.29	0.70,3.67	-5.80,5.28	0.982255	0.977818	0.423179	221.412	7.00367	2	8.69252	7.49111	1.52714	15.7697	136.89	1025.46	15175.6
LJP009_A375_24H_X1_B20:M23	1	power	1.68151	59.2599	5.29371	0.967599	7.28387	0.0172062	2.61798	1.66771	-0.04,0.07	1.39,3.85	-1.18,4.52	0.98617	0.982713	0.373583	285.234	7.43676	4	8.64686	7.73759	1.63242	17.5778	132.137	1022.42	20649.3
LJP009_A375_24H_X1_B20:M24	1	power	1.87109	61.8778	5.00082	0.962761	7.01102	0.0788625	2.07839	-0.691763	-0.31,0.46	0.30,3.85	-8.08,6.69	0.971365	0.964207	0.537562	135.691	6.17243	3	8.54188	8.29693	1.58777	11.1525	121.007	1003.99	17028.7
LJP009_A375_24H_X1_B20:N01	1	power	1.62832	58.4446	5.30933	0.991108	9.81515	0.626222	1.30788	-3.38928	-1.02,2.27	0.43,2.18	-11.06,4.28	0.991854	0.989817	0.286721	487.029	8.35619	0	8.76693	7.7222	1.79724	16.3597	143.032	1104.52	7384.25
LJP009_A375_24H_X1_B20:N02	1	power	1.63554	58.5576	5.36597	0.981835	8.41739	0.0461468	2.22952	0.897653	-0.06,0.16	1.36,3.10	-1.80,3.60	0.992844	0.991055	0.268725	554.996	8.58139	1	8.56304	7.81963	1.74441	17.3674	124.591	974.259	9042.74
LJP009_A375_24H_X1_B20:N03	1	power	1.64007	58.628	5.45828	0.970182	7.44668	0.0216943	2.51379	1.53094	-0.04,0.09	1.37,3.65	-1.29,4.35	0.987504	0.98438	0.355118	316.095	7.61288	2	8.50808	8.45929	1.77176	17.1331	118.88	1005.64	11707.5
LJP009_A375_24H_X1_B20:N04	1	power	1.75311	60.299	5.32018	0.960587	6.89971	0.0933195	2.00209	-0.30364	-0.34,0.53	0.32,3.69	-7.21,6.60	0.969322	0.961652	0.556416	126.385	6.05266	2	8.5477	8.52247	1.71004	13.7088	120.624	1028.02	13809.3
LJP009_A375_24H_X1_B20:N05	1	power	1.80335	60.9906	5.16535	0.96818	7.31935	0.202836	1.73767	-1.49245	-0.71,1.12	0.13,3.35	-10.25,7.26	0.972755	0.965944	0.524352	142.818	6.25888	2	8.50892	8.32046	1.66698	11.8452	119.743	996.319	21888.2
LJP009_A375_24H_X1_B20:N06	1	power	1.58323	57.7227	5.57318	0.984593	8.73968	0.0965727	1.95687	0.471636	-0.13,0.32	1.10,2.81	-2.75,3.70	0.992139	0.990174	0.281654	504.855	8.41814	1	8.56274	8.205	1.85848	17.0729	126.325	1036.5	7674.09
LJP009_A375_24H_X1_B20:N07	1	power	1.84272	61.5124	4.85293	0.986488	8.99662	0.288678	1.61389	-2.58881	-0.66,1.24	0.47,2.76	-10.13,4.95	0.988913	0.986141	0.334499	356.774	7.8207	2	8.3488	8.52992	1.66735	12.6418	113.348	966.845	14938.1
LJP009_A375_24H_X1_B20:N08	1	power	1.7078	59.6489	5.22709	0.97831	8.07019	0.113574	1.93108	-0.0835849	-0.27,0.50	0.69,3.17	-5.19,5.02	0.984825	0.981031	0.391331	259.595	7.27551	2	8.61932	8.03234	1.70994	16.7139	127.138	1021.21	21249.3
LJP009_A375_24H_X1_B20:N09	1	power	1.62192	58.344	5.47435	0.986097	8.9408	0.181001	1.73981	-0.53446	-0.30,0.66	0.79,2.69	-5.15,4.08	0.990443	0.988054	0.310559	414.539	8.0787	1	8.59998	7.96117	1.80819	17.3087	127.321	1013.62	8544.11
LJP009_A375_24H_X1_B20:N10	1	power	1.74834	60.2317	5.05695	0.979437	8.17464	0.0446911	2.27757	0.740761	-0.08,0.17	1.23,3.33	-2.52,4.00	0.990341	0.987926	0.312211	410.123	8.06028	3	8.56239	7.44478	1.58551	17.5638	132.521	986.588	18230.5
LJP009_A375_24H_X1_B20:N11	1	power	1.74374	60.1665	5.33054	0.964107	7.08319	0.154667	1.82222	-0.84624	-0.55,0.86	0.18,3.46	-8.73,7.04	0.970095	0.962619	0.549355	129.758	6.09704	1	8.64935	7.98292	1.67071	14.5074	133.624	1066.71	9956.27
LJP009_A375_24H_X1_B20:N12	1	power	1.79612	60.8929	5.14031	0.97683	7.94093	0.228374	1.69058	-1.78785	-0.67,1.12	0.31,3.07	-9.80,6.22	0.980639	0.975799	0.442025	202.6	6.85229	2	8.42479	8.58576	1.70774	12.1882	114.067	979.355	13059.2
LJP009_A375_24H_X1_B20:N13	1	power	2.00182	63.4558	4.59638	0.980445	8.27303	0.354592	1.57225	-3.74303	-1.16,1.87	0.09,3.06	-14.90,7.41	0.982476	0.978095	0.420536	224.254	7.02543	4	8.53734	10.3215	1.66864	10.8266	109.981	1135.16	27699.8
LJP009_A375_24H_X1_B20:N14	1	power	1.94947	62.844	4.87506	0.961391	6.94015	0.334933	1.584	-3.34018	-1.50,2.17	-0.33,3.50	-17.11,10.43	0.964108	0.955135	0.601842	107.445	5.78	3	8.51804	9.67861	1.66654	10.1917	107.804	1043.4	22579
LJP009_A375_24H_X1_B20:N15	1	power	1.82234	61.2445	5.11365	0.969704	7.41552	0.215803	1.71304	-1.94022	-0.77,1.21	0.09,3.33	-11.32,7.44	0.973754	0.967193	0.51465	148.406	6.32376	2	8.50198	9.39006	1.74185	11.9727	119.663	1123.64	11924.4
LJP009_A375_24H_X1_B20:N16	1	power	1.9272	62.5758	4.88081	0.961973	6.96993	0.151556	1.85669	-1.84121	-0.66,0.96	-0.06,3.77	-11.94,8.26	0.967255	0.959069	0.574847	118.157	5.93944	2	8.61827	10.4401	1.72648	11.0327	104.678	1092.85	14704
LJP009_A375_24H_X1_B20:N17	1	power	1.89459	62.1741	4.88513	0.968654	7.34878	0.0843072	2.05796	-0.883646	-0.30,0.47	0.40,3.71	-7.98,6.22	0.976374	0.970468	0.488285	165.308	6.50647	2	8.50761	9.26422	1.65581	11.8427	112.378	1041.1	15132.8
LJP009_A375_24H_X1_B20:N18	1	power	1.97549	63.1514	4.74582	0.954487	6.61736	0.0735483	2.12237	-1.01522	-0.34,0.49	0.06,4.19	-9.78,7.75	0.963305	0.954131	0.608535	105.007	5.74157	4	8.47029	10.8135	1.70788	10.2203	96.1982	1040.24	19484.4
LJP009_A375_24H_X1_B20:N19	1	power	1.72012	59.8282	5.17442	0.978486	8.08615	0.0576173	2.16936	0.411746	-0.12,0.24	1.01,3.33	-3.55,4.37	0.987931	0.984914	0.348989	327.438	7.67337	2	8.58867	7.71509	1.64566	17.2161	132.827	1024.77	15397.8
LJP009_A375_24H_X1_B20:N20	1	power	1.85491	61.6704	4.94342	0.971913	7.56387	0.0609276	2.16668	-0.343328	-0.19,0.31	0.67,3.67	-6.06,5.38	0.981014	0.976268	0.437718	206.686	6.8863	2	8.24153	8.664	1.66089	12.4427	96.3691	834.941	14747.4
LJP009_A375_24H_X1_B20:N21	1	power	1.93702	62.6946	4.58859	0.982319	8.47029	0.396127	1.52243	-3.69806	-1.30,2.09	0.05,3.00	-15.10,7.71	0.983851	0.979813	0.4037	243.689	7.16739	4	8.8315	9.61703	1.65913	13.9333	142.845	1373.74	20447.3
LJP009_A375_24H_X1_B20:N22	1	power	1.67863	59.2168	5.19551	0.979759	8.20553	0.0603081	2.14789	0.606393	-0.11,0.23	1.12,3.18	-2.87,4.09	0.989656	0.98707	0.323088	382.709	7.9413	3	8.64371	7.33291	1.64469	16.9969	136.016	997.394	14533.1
LJP009_A375_24H_X1_B20:N23	1	power	1.94695	62.8138	4.62559	0.957807	6.76599	0.0121213	2.8028	1.15878	-0.05,0.07	0.99,4.61	-3.14,5.46	0.976558	0.970697	0.486386	166.633	6.52001	6	8.23609	11.9409	1.7479	13.2541	96.1098	1147.64	32769.1
LJP009_A375_24H_X1_B20:N24	1	power	1.92296	62.5242	4.76929	0.971259	7.51876	0.0450787	2.29179	-0.192281	-0.15,0.24	0.74,3.85	-5.68,5.29	0.981456	0.97682	0.432602	211.699	6.92715	4	8.53106	9.55043	1.63297	13.497	116.349	1111.18	24774.1
LJP009_A375_24H_X1_B20:O01	1	power	1.75405	60.3122	4.85225	0.992496	10.1472	4.64453	0.708105	-12.868	-8.98,18.27	-0.12,1.53	-37.44,11.70	0.99311	0.991387	0.263692	576.537	8.64708	2	8.73739	8.05419	1.7195	16.4177	135.974	1095.16	12965.6
LJP009_A375_24H_X1_B20:O02	1	power	2.07827	64.3046	4.20925	0.988156	9.25437	1.02973	1.2273	-6.80028	-2.87,4.93	-0.03,2.49	-22.18,8.58	0.988434	0.985543	0.341638	341.853	7.74733	5	8.34172	9.39004	1.5579	12.0602	94.365	886.091	28892.6
LJP009_A375_24H_X1_B20:O03	1	power	1.95775	62.9425	4.64331	0.975518	7.83304	0.156307	1.84521	-2.12979	-0.57,0.88	0.20,3.49	-11.22,6.96	0.979719	0.974649	0.4524	193.233	6.77168	5	8.3836	8.97906	1.60186	10.9346	110.746	994.391	23044.5
LJP009_A375_24H_X1_B20:O04	1	power	2.03676	63.8501	4.59422	0.951872	6.5077	0.118026	1.96307	-1.88541	-0.64,0.88	-0.36,4.29	-13.65,9.88	0.957736	0.947171	0.653079	90.6442	5.49614	5	8.35701	10.4385	1.64701	9.99425	95.9402	1001.47	28909
LJP009_A375_24H_X1_B20:O05	1	power	1.98882	63.3062	4.64804	0.96287	7.01676	0.0677488	2.15423	-0.909385	-0.30,0.43	0.19,4.11	-9.00,7.18	0.971008	0.96376	0.540909	133.968	6.15087	5	8.26118	9.38512	1.60647	11.0741	97.5134	915.176	24990.5
LJP009_A375_24H_X1_B20:O06	1	power	1.94232	62.7584	4.75313	0.974545	7.75666	0.171172	1.81534	-2.06853	-0.60,0.94	0.22,3.41	-10.95,6.82	0.978904	0.97363	0.461405	185.609	6.7032	3	8.40529	9.0717	1.62595	11.1472	103.676	940.514	27749.8
LJP009_A375_24H_X1_B20:O07	1	power	1.82238	61.2449	4.84832	0.971475	7.53358	0.143759	1.85392	-1.31487	-0.49,0.78	0.28,3.43	-9.23,6.60	0.976866	0.971083	0.483177	168.907	6.54301	2	8.46166	7.75918	1.59399	11.9025	124.571	966.572	15368.8
LJP009_A375_24H_X1_B20:O08	1	power	1.70074	59.5453	5.37935	0.975126	7.80194	0.130253	1.87086	-0.508306	-0.34,0.61	0.56,3.18	-6.41,5.40	0.981534	0.976918	0.431682	212.619	6.93455	2	8.60074	7.8103	1.70189	14.3448	126.599	988.773	11734.9
LJP009_A375_24H_X1_B20:O09	1	power	1.65801	58.9044	5.55124	0.966401	7.21269	0.0907298	1.9985	0.239355	-0.27,0.45	0.55,3.45	-5.28,5.76	0.975596	0.969494	0.496269	159.905	6.45013	2	8.7019	8.3865	1.77526	15.8398	132.211	1108.79	12969
LJP009_A375_24H_X1_B20:O10	1	power	1.91873	62.4724	4.77741	0.975494	7.83113	0.127037	1.92954	-1.11692	-0.38,0.64	0.46,3.39	-8.00,5.77	0.98138	0.976726	0.433478	210.828	6.92012	3	8.34841	9.62308	1.68333	11.924	99.3139	955.706	23049.2
LJP009_A375_24H_X1_B20:O11	1	power	1.72593	59.9121	5.19748	0.985178	8.81551	0.281397	1.59744	-2.16641	-0.65,1.21	0.46,2.74	-9.44,5.11	0.987724	0.984655	0.351973	321.842	7.64379	0	8.65636	8.48035	1.76196	16.4762	128.577	1090.38	9080.26
LJP009_A375_24H_X1_B20:O12	1	power	1.70359	59.5872	5.32152	0.977332	7.9838	0.132217	1.86018	-0.722583	-0.36,0.63	0.53,3.19	-6.90,5.45	0.982852	0.978565	0.415996	229.263	7.06314	1	8.75613	8.15675	1.72498	16.4947	136.602	1114.23	9802.21
LJP009_A375_24H_X1_B20:O13	1	power	1.86821	61.8411	4.78065	0.989339	9.46025	0.7122	1.30664	-5.62477	-1.79,3.22	0.15,2.46	-17.78,6.53	0.989872	0.98734	0.319701	390.946	7.97791	0	8.6988	8.99376	1.68869	13.31	125.506	1128.77	9239.67
LJP009_A375_24H_X1_B20:O14	1	power	1.93564	62.678	4.80753	0.968699	7.35159	0.151261	1.85557	-1.95319	-0.59,0.89	0.11,3.61	-11.34,7.44	0.973715	0.967143	0.515039	148.176	6.32114	3	8.58768	9.66398	1.65671	11.2052	118.485	1145.03	21278.4
LJP009_A375_24H_X1_B20:O15	1	power	1.62643	58.4149	5.41099	0.98647	8.99393	0.0935092	1.97046	0.163466	-0.13,0.31	1.12,2.82	-3.15,3.48	0.993178	0.991473	0.262381	582.355	8.6644	1	8.62756	7.74012	1.7617	17.6121	130.323	1008.72	8460.14
LJP009_A375_24H_X1_B20:O16	1	power	1.6332	58.521	5.57326	0.977091	7.96311	0.128183	1.86492	-0.13877	-0.30,0.55	0.67,3.06	-5.28,5.00	0.983763	0.979704	0.404798	242.348	7.15796	1	8.82693	7.91046	1.76077	16.093	144.744	1144.99	10154.1
LJP009_A375_24H_X1_B20:O17	1	power	1.65019	58.7846	5.42455	0.969821	7.42314	0.0235254	2.48418	1.41876	-0.05,0.10	1.26,3.71	-1.71,4.55	0.98592	0.9824	0.376945	280.098	7.40563	1	8.68721	8.78294	1.79349	17.2138	118.625	1041.88	14815.7
LJP009_A375_24H_X1_B20:O18	1	power	1.85789	61.7088	4.71749	0.993196	10.3386	0.560961	1.38171	-5.04546	-1.01,2.13	0.45,2.31	-13.87,3.78	0.993949	0.992436	0.247117	657.03	8.87265	0	8.62403	8.65209	1.66579	16.9012	128.209	1109.28	9592.47
LJP009_A375_24H_X1_B20:O19	1	power	1.67684	59.1898	5.35609	0.977366	7.98671	0.0770245	2.05301	0.202676	-0.18,0.33	0.84,3.27	-4.32,4.73	0.985653	0.982067	0.380504	274.81	7.37299	1	8.66952	8.46618	1.7733	16.9565	126.216	1068.56	9472.82
LJP009_A375_24H_X1_B20:O20	1	power	1.88542	62.0591	4.81125	0.982684	8.5111	0.1412	1.86825	-1.67715	-0.37,0.65	0.59,3.14	-8.27,4.92	0.987263	0.984078	0.358527	310.037	7.57968	2	8.49409	8.46789	1.61503	12.3648	112.749	954.744	14788
LJP009_A375_24H_X1_B20:O21	1	power	1.97724	63.1718	4.58956	0.979456	8.1765	0.137978	1.89954	-1.7996	-0.42,0.70	0.44,3.36	-9.32,5.72	0.984152	0.98019	0.399915	248.401	7.20012	4	8.53593	9.86099	1.63867	11.9243	115.788	1141.79	23289.8
LJP009_A375_24H_X1_B20:O22	1	power	1.83034	61.3501	5.05224	0.966235	7.20305	0.0429979	2.28944	0.121951	-0.14,0.23	0.71,3.87	-5.23,5.48	0.978039	0.972549	0.470766	178.144	6.63342	3	8.54199	8.27081	1.60192	12.2581	122.288	1011.42	21233.6
LJP009_A375_24H_X1_B20:O23	1	power	2.00853	63.5324	4.51542	0.976733	7.93267	0.086083	2.06225	-1.54248	-0.30,0.47	0.46,3.67	-8.96,5.87	0.982665	0.978332	0.418252	226.754	7.04435	3	8.50043	8.708	1.5351	11.9583	107.995	940.418	18168.1
LJP009_A375_24H_X1_B20:O24	1	power	1.72179	59.8524	5.14058	0.980408	8.26931	0.0570516	2.16997	0.363704	-0.11,0.22	1.09,3.24	-3.35,4.08	0.98971	0.987137	0.322249	384.725	7.95033	3	8.74957	7.31354	1.59818	17.2326	140.631	1028.51	16879.6
LJP009_A375_24H_X1_B20:P01	1	power	1.61835	58.2875	5.45683	0.981388	8.36982	0.0596892	2.13236	0.705701	-0.09,0.21	1.20,3.07	-2.42,3.84	0.991235	0.989043	0.297418	452.341	8.22892	1	8.68226	7.19869	1.69469	17.2265	131.979	950.074	12312.2
LJP009_A375_24H_X1_B20:P02	1	power	1.62096	58.3288	5.43559	0.988035	9.23444	0.153044	1.7889	-0.605685	-0.22,0.53	0.93,2.65	-4.71,3.50	0.992678	0.990847	0.271834	542.283	8.54143	0	8.68581	7.60013	1.76696	16.967	132.61	1007.85	8231.97
LJP009_A375_24H_X1_B20:P03	1	power	1.62281	58.3581	5.58177	0.982075	8.44348	0.243559	1.63002	-1.24345	-0.53,1.02	0.52,2.74	-7.54,5.06	0.985643	0.982054	0.380641	274.608	7.37174	0	8.79255	8.47306	1.8576	15.7272	140.046	1186.62	8128.67
LJP009_A375_24H_X1_B20:P04	1	power	1.62495	58.3918	5.51102	0.983487	8.60409	0.12785	1.85575	-0.313258	-0.23,0.49	0.86,2.85	-4.74,4.12	0.989459	0.986824	0.326147	375.489	7.90855	0	8.7335	8.63832	1.86332	16.3647	127.427	1100.75	8959.37
LJP009_A375_24H_X1_B20:P05	1	power	1.64093	58.6414	5.53907	0.973025	7.64302	0.0667988	2.09741	0.487949	-0.16,0.30	0.84,3.36	-3.94,4.92	0.983093	0.978866	0.413065	232.586	7.08772	1	8.69144	8.50124	1.79463	16.2831	135.505	1151.96	11475.4
LJP009_A375_24H_X1_B20:P06	1	power	1.60483	58.0722	5.43332	0.980233	8.25195	0.030099	2.38495	1.44324	-0.04,0.10	1.57,3.20	-0.72,3.60	0.99379	0.992237	0.250348	640.075	8.8275	2	8.41796	8.37019	1.83649	18.2539	110.513	925.015	11152.3
LJP009_A375_24H_X1_B20:P07	1	power	1.64393	58.6879	5.37156	0.979456	8.17649	0.0500875	2.19561	0.672983	-0.09,0.19	1.15,3.25	-2.75,4.10	0.989691	0.987114	0.322539	384.025	7.9472	1	8.70387	7.99396	1.74232	17.2998	134.438	1074.69	10246.4
LJP009_A375_24H_X1_B20:P08	1	power	1.63385	58.5313	5.51491	0.982094	8.44549	0.151217	1.80298	-0.433861	-0.31,0.61	0.72,2.88	-5.44,4.58	0.987448	0.98431	0.355913	314.667	7.60511	1	8.76251	8.3182	1.81955	16.2561	134.106	1115.52	8211.6
LJP009_A375_24H_X1_B20:P09	1	power	1.63086	58.4844	5.48153	0.979085	8.14143	0.0578563	2.14583	0.66917	-0.11,0.22	1.10,3.19	-2.81,4.15	0.989186	0.986482	0.330358	365.876	7.86398	1	8.62454	8.32496	1.79795	16.9276	127.72	1063.27	9708.5
LJP009_A375_24H_X1_B20:P10	1	power	1.70423	59.5967	5.27658	0.976612	7.92253	0.102114	1.95471	-0.308392	-0.27,0.48	0.63,3.28	-5.87,5.25	0.98323	0.979037	0.411392	234.514	7.10182	2	8.72246	8.03686	1.70644	16.9715	134.77	1083.13	14126.2
LJP009_A375_24H_X1_B20:P11	1	power	1.67354	59.1401	5.29511	0.983588	8.61601	0.0740499	2.06622	0.28618	-0.12,0.27	1.10,3.03	-3.25,3.82	0.991513	0.989391	0.292665	467.285	8.28489	1	8.60742	7.74952	1.7101	17.2056	127.725	989.804	10483.9
LJP009_A375_24H_X1_B20:P12	1	power	1.68251	59.2749	5.38883	0.969756	7.41889	0.060953	2.1411	0.453725	-0.18,0.30	0.72,3.56	-4.45,5.36	0.979861	0.974826	0.450818	194.62	6.78385	1	8.71482	8.04211	1.71344	16.4569	129.609	1042.33	14605.5
LJP009_A375_24H_X1_B20:P13	1	power	1.96663	63.0474	4.70564	0.954308	6.60964	0.0144698	2.7295	0.802777	-0.06,0.09	0.83,4.63	-4.09,5.69	0.972733	0.965916	0.524572	142.695	6.25742	5	8.4908	10.2045	1.61045	12.0328	109.387	1116.24	28790.8
LJP009_A375_24H_X1_B20:P14	1	power	1.68003	59.2378	5.36017	0.969884	7.42718	0.0241353	2.47596	1.23572	-0.06,0.11	1.23,3.72	-2.06,4.53	0.985697	0.982121	0.37993	275.652	7.37823	2	8.61321	8.03076	1.69424	16.7641	123.124	988.783	14020.4
LJP009_A375_24H_X1_B20:P15	1	power	1.6601	58.9364	5.37344	0.974239	7.73325	0.0268085	2.43828	1.30483	-0.05,0.10	1.37,3.51	-1.54,4.15	0.989303	0.986629	0.328552	369.952	7.88302	1	8.50543	7.84274	1.69683	17.1759	125.069	980.881	14628.2
LJP009_A375_24H_X1_B20:P16	1	power	1.78428	60.7315	5.17555	0.953945	6.59411	0.0339642	2.36999	0.517065	-0.14,0.21	0.48,4.26	-5.30,6.34	0.967574	0.959468	0.572043	119.358	5.95643	2	8.70139	8.95104	1.67046	14.9614	130.119	1164.7	14935
LJP009_A375_24H_X1_B20:P17	1	power	1.75254	60.2909	5.21053	0.975687	7.8466	0.118939	1.90677	-0.780032	-0.34,0.57	0.54,3.27	-7.04,5.48	0.981952	0.97744	0.426772	217.632	6.97429	1	8.52393	8.84407	1.75952	13.3222	115.176	1018.63	8425.58
LJP009_A375_24H_X1_B20:P18	1	power	1.67922	59.2256	5.33914	0.975566	7.83684	0.0382864	2.30357	0.829823	-0.08,0.16	1.17,3.43	-2.60,4.26	0.988038	0.985047	0.347448	330.385	7.68875	2	8.68816	9.07104	1.80717	16.6825	121.257	1099.93	10028.5
LJP009_A375_24H_X1_B20:P19	1	power	2.03091	63.7848	4.48641	0.9688	7.3579	0.0476353	2.29425	-0.526318	-0.18,0.27	0.57,4.02	-6.93,5.87	0.978518	0.973147	0.465608	182.202	6.6717	5	8.47399	10.755	1.63567	10.2913	110.748	1191.09	29575
LJP009_A375_24H_X1_B20:P20	1	power	1.78895	60.7954	5.08738	0.970738	7.48358	0.0413097	2.29047	0.233325	-0.12,0.20	0.87,3.72	-4.53,5.00	0.982308	0.977885	0.422545	222.089	7.00888	2	8.48031	9.68816	1.78221	13.4456	102.49	992.937	12374.5
LJP009_A375_24H_X1_B20:P21	1	power	1.76536	60.4703	5.00737	0.986379	8.9809	0.0976683	1.97618	-0.630147	-0.17,0.37	0.99,2.96	-4.90,3.64	0.992161	0.990201	0.281265	506.263	8.42294	1	8.62688	8.62442	1.71298	16.3495	128.015	1104.05	10747
LJP009_A375_24H_X1_B20:P22	1	power	1.8936	62.1617	4.87706	0.966473	7.21691	0.14793	1.85688	-1.67145	-0.59,0.88	0.09,3.63	-10.92,7.58	0.971746	0.964683	0.533974	137.574	6.1957	3	8.4454	8.7391	1.63349	10.8807	108.717	950.092	15416.3
LJP009_A375_24H_X1_B20:P23	1	power	1.97843	63.1856	4.69046	0.961482	6.94478	0.0351263	2.38513	-0.262264	-0.14,0.21	0.51,4.26	-6.70,6.18	0.973364	0.966706	0.518458	146.175	6.29815	4	8.4484	9.60668	1.59774	11.6334	109.956	1056.31	23236.6
LJP009_A375_24H_X1_B20:P24	1	power	2.00777	63.5237	4.59652	0.953802	6.58805	0.00951727	2.86743	0.736609	-0.04,0.06	0.89,4.85	-4.20,5.67	0.973366	0.966707	0.518444	146.183	6.29824	4	8.38597	11.7832	1.69047	11.5767	96.7553	1140.09	24485.4
