sample	qcpass	fittype	calib_slope	calib_slope_deg	calib_span	calib_linfit_rsquare	calib_linfit_logpval	coef_a	coef_b	coef_c	ci_a	ci_b	ci_c	rsquare	adjrsquare	rmse	f	f_logpval	truncated_genes	median	iqr	iqr_raw	q1	q25	q75	q99
LJP009_A375_24H_X1_B20:A01	1	power	4.40228	77.2021	1.16439	0.30532	1.10825	-32461.4	-5.25796	12.0089	-2368887.82,2303965.04	-53.88,43.36	-28.98,53.00	0.322714	0.153393	2.61438	1.90593	0.676913	0	7.54838	2.81788	0.358454	16.323	118.341	333.472	1612.25
LJP009_A375_24H_X1_B20:A02	1	power	1.80162	60.9673	4.91147	0.99187	9.99035	1.09464	1.15915	-5.79051	-2.07,4.26	0.22,2.10	-17.10,5.52	0.992036	0.990046	0.283489	498.289	8.39557	2	8.63707	8.96254	1.75236	13.2181	123.503	1106.9	14680.6
LJP009_A375_24H_X1_B20:A03	1	power	2.11438	64.6881	4.42411	0.935654	5.93712	0.0138346	2.75593	0.209744	-0.08,0.11	0.20,5.32	-6.98,7.40	0.953836	0.942295	0.682552	82.647	5.34277	6	7.8602	13.8068	1.75986	10.8545	73.865	1019.84	32769.1
LJP009_A375_24H_X1_B20:A04	1	power	1.88467	62.0498	4.71193	0.985259	8.82624	0.0633327	2.14892	-0.65517	-0.12,0.25	1.08,3.22	-4.94,3.62	0.992171	0.990214	0.281077	506.944	8.42525	1	7.7057	9.26455	1.73407	12.9706	72.4902	671.589	11254.8
LJP009_A375_24H_X1_B20:A05	1	power	1.64837	58.7564	5.37918	0.991203	9.83606	6.07627	0.620468	-15.013	-12.64,24.79	-0.19,1.43	-45.54,15.51	0.992407	0.990509	0.276814	522.802	8.47835	0	8.39623	8.59924	1.86576	13.9052	96.0005	825.531	10520.8
LJP009_A375_24H_X1_B20:A06	1	power	1.72993	59.9696	5.14845	0.9824	8.47931	0.146668	1.82958	-0.932661	-0.34,0.64	0.64,3.02	-6.71,4.84	0.987101	0.983876	0.360797	306.098	7.55776	1	8.40218	9.44579	1.85461	17.2501	100.386	948.229	17014.8
LJP009_A375_24H_X1_B20:A07	1	power	1.77675	60.6281	4.95768	0.989417	9.4745	0.14203	1.84523	-1.21923	-0.22,0.51	0.93,2.76	-5.77,3.33	0.993529	0.991911	0.255553	614.107	8.75601	1	8.2431	9.33441	1.80025	17.3211	100.865	941.516	12450.7
LJP009_A375_24H_X1_B20:A08	1	power	1.79632	60.8955	4.95745	0.990657	9.71839	0.485145	1.42197	-3.99494	-1.00,1.97	0.39,2.45	-12.74,4.75	0.991693	0.989616	0.289541	477.51	8.32218	0	8.39565	10.0462	1.85595	13.3698	92.2484	926.743	14314.9
LJP009_A375_24H_X1_B20:A09	1	power	1.79228	60.8407	4.90556	0.989853	9.55688	0.12562	1.89694	-0.930022	-0.17,0.42	1.06,2.73	-4.84,2.98	0.994529	0.993161	0.234976	727.105	9.04768	1	8.02882	9.71718	1.83624	14.6489	84.6753	822.806	18094.4
LJP009_A375_24H_X1_B20:A10	1	power	1.68476	59.3085	5.32439	0.981225	8.35275	0.0841933	2.01626	-0.0580568	-0.17,0.34	0.92,3.11	-4.38,4.26	0.988712	0.985889	0.337521	350.343	7.78946	1	8.30985	8.87571	1.85119	16.5633	96.7278	858.529	10345.3
LJP009_A375_24H_X1_B20:A11	1	power	1.86187	61.76	4.89792	0.979996	8.22862	0.196815	1.74512	-2.24633	-0.60,0.99	0.33,3.16	-10.54,6.04	0.983545	0.979432	0.407501	239.09	7.13483	1	8.3551	9.9433	1.76993	14.1679	97.3378	967.859	12996.6
LJP009_A375_24H_X1_B20:A12	1	power	1.69848	59.5121	5.34701	0.975807	7.85627	0.114613	1.90846	-0.550157	-0.33,0.56	0.53,3.29	-6.66,5.56	0.981872	0.977341	0.427712	216.659	6.96665	1	8.44592	9.34526	1.87386	16.3459	99.8503	933.127	13660.6
LJP009_A375_24H_X1_B20:A13	1	power	1.81735	61.1781	4.98124	0.978808	8.11563	0.157537	1.81778	-1.5562	-0.47,0.78	0.41,3.22	-8.91,5.80	0.983178	0.978972	0.412029	233.777	7.09644	1	8.3113	9.25268	1.7444	16.4693	107.47	994.385	13411.6
LJP009_A375_24H_X1_B20:A14	1	power	1.7882	60.7851	5.02199	0.982838	8.52855	0.113297	1.93068	-0.864417	-0.26,0.49	0.73,3.13	-6.31,4.58	0.988252	0.985315	0.344317	336.492	7.72019	1	8.11143	9.61136	1.81219	14.3867	94.8957	912.077	13622.3
LJP009_A375_24H_X1_B20:A15	1	power	2.06808	64.1943	4.64501	0.950571	6.45534	0.233648	1.7208	-3.61642	-1.35,1.82	-0.64,4.09	-19.65,12.42	0.954087	0.942609	0.680693	83.1209	5.35225	1	8.2403	10.3058	1.62297	9.36768	89.8936	926.425	17082.2
LJP009_A375_24H_X1_B20:A16	1	power	1.74752	60.2202	5.0694	0.982225	8.45994	0.0515912	2.20517	0.254187	-0.10,0.20	1.16,3.25	-3.36,3.87	0.991132	0.988915	0.299159	447.045	8.20864	1	8.22544	9.12194	1.80758	16.7823	92.1047	840.174	13222
LJP009_A375_24H_X1_B20:A17	1	power	1.82613	61.2946	5.00874	0.97077	7.48576	0.0429768	2.28422	0.0648748	-0.13,0.22	0.79,3.78	-5.05,5.18	0.981532	0.976915	0.43171	212.591	6.93432	1	8.02748	10.0374	1.79974	12.9256	87.5163	878.436	18165.6
LJP009_A375_24H_X1_B20:A18	1	power	1.79408	60.8652	5.1059	0.959454	6.84411	0.041144	2.30149	0.313662	-0.16,0.25	0.46,4.14	-5.67,6.30	0.970967	0.963709	0.541284	133.776	6.14846	1	8.33034	8.96627	1.70568	14.9747	107.054	959.879	17690
LJP009_A375_24H_X1_B20:A19	1	power	1.97466	63.1416	4.72638	0.957831	6.7671	0.034655	2.39266	-0.198045	-0.15,0.22	0.45,4.34	-6.80,6.41	0.970279	0.962849	0.54766	130.587	6.10777	3	8.13804	10.1741	1.67162	11.2278	87.509	890.327	18750.1
LJP009_A375_24H_X1_B20:A20	1	power	2.96248	71.3477	2.97128	0.860348	4.40807	0.0519929	2.50556	-1.38569	-0.58,0.69	-2.40,7.41	-20.12,17.35	0.870311	0.837888	1.14402	26.8429	3.54838	13	7.97358	15.4085	1.32281	9.62455	77.4827	1193.89	32785
LJP009_A375_24H_X1_B20:A21	1	power	1.75766	60.3627	5.15592	0.965306	7.14981	0.0360389	2.3476	0.669473	-0.12,0.19	0.76,3.94	-4.15,5.49	0.977792	0.972239	0.473415	176.112	6.61393	1	8.37614	9.42412	1.77606	16.7068	105.074	990.233	18008.9
LJP009_A375_24H_X1_B20:A22	1	power	1.74905	60.2417	5.16542	0.975069	7.7974	0.0703409	2.09074	-0.186584	-0.20,0.34	0.72,3.46	-5.47,5.10	0.983311	0.979139	0.410387	235.683	7.11031	1	8.21132	8.97068	1.77385	16.447	105.417	945.662	14214.4
LJP009_A375_24H_X1_B20:A23	1	power	1.79671	60.9009	5.04255	0.973478	7.67623	0.0570802	2.18231	0.0142794	-0.17,0.28	0.74,3.62	-5.17,5.20	0.982638	0.978297	0.418586	226.385	7.04158	2	8.21412	10.777	1.8651	14.2739	97.36	1049.25	16811.7
LJP009_A375_24H_X1_B20:A24	1	power	1.71169	59.7058	5.15985	0.977792	8.02393	0.0229843	2.47793	0.904182	-0.05,0.09	1.39,3.57	-2.13,3.94	0.990789	0.988486	0.304885	430.264	8.14277	1	8.32458	8.4313	1.74164	17.4951	106.273	896.024	11379.7
LJP009_A375_24H_X1_B20:B01	1	power	1.67967	59.2324	5.12181	0.995687	11.2298	0.620305	1.32339	-3.38729	-0.55,1.79	0.69,1.96	-8.86,2.08	0.996367	0.995458	0.191489	1096.87	9.7587	0	8.58664	6.22946	1.5612	17.4569	151.765	945.411	10555.2
LJP009_A375_24H_X1_B20:B02	1	power	1.7726	60.5708	5.02665	0.987721	9.18373	0.246913	1.65565	-1.93348	-0.47,0.96	0.64,2.67	-8.03,4.17	0.990661	0.988327	0.306988	424.334	8.11889	1	8.73517	7.69619	1.6247	12.2534	151.925	1169.24	12027.5
LJP009_A375_24H_X1_B20:B03	1	power	1.97236	63.1147	4.64748	0.973517	7.67912	0.129988	1.91857	-1.7429	-0.47,0.73	0.25,3.58	-10.19,6.71	0.978646	0.973307	0.464223	183.315	6.68205	2	8.07574	9.86874	1.68061	11.3185	82.629	815.445	20101.7
LJP009_A375_24H_X1_B20:B04	1	power	2.04707	63.9643	4.5268	0.969656	7.41243	0.327784	1.60516	-3.87172	-1.49,2.14	-0.32,3.53	-18.24,10.50	0.971858	0.964822	0.53292	138.135	6.20257	5	7.90084	14.5605	1.90826	9.51894	62.5001	910.033	32581.5
LJP009_A375_24H_X1_B20:B05	1	power	1.72442	59.8903	5.1561	0.983319	8.58418	0.139108	1.84849	-0.78034	-0.31,0.59	0.69,3.00	-6.22,4.66	0.988152	0.985189	0.345791	333.596	7.70535	1	8.32186	8.53212	1.76452	17.0094	114.809	979.568	14129.5
LJP009_A375_24H_X1_B20:B06	1	power	2.0218	63.6826	4.55474	0.964318	7.09479	0.0241896	2.51761	-0.225715	-0.10,0.15	0.64,4.39	-6.29,5.84	0.976608	0.970759	0.48587	166.995	6.5237	2	8.09701	11.9173	1.74806	11.7571	79.8384	951.458	18114.2
LJP009_A375_24H_X1_B20:B07	1	power	1.97537	63.1499	4.64636	0.977571	8.00455	0.109979	1.97346	-1.66329	-0.36,0.58	0.45,3.50	-9.13,5.81	0.982998	0.978748	0.414221	231.267	7.07801	2	8.18637	10.6441	1.71632	12.1632	90.8788	967.326	21972.1
LJP009_A375_24H_X1_B20:B08	1	power	1.92023	62.4908	4.71892	0.981906	8.42508	0.30326	1.60842	-3.22605	-0.95,1.56	0.17,3.05	-13.30,6.85	0.984091	0.980114	0.400683	247.434	7.19345	1	8.07175	10.3786	1.76517	12.5152	82.9438	860.839	15735.1
LJP009_A375_24H_X1_B20:B09	1	power	1.99536	63.3817	4.61217	0.97605	7.87605	0.48898	1.4582	-4.75019	-1.96,2.94	-0.25,3.16	-19.76,10.26	0.977331	0.971664	0.478298	172.453	6.57827	1	8.14709	11.453	1.76727	11.3027	82.8105	948.43	18612.1
LJP009_A375_24H_X1_B20:B10	1	power	2.00323	63.4719	4.55402	0.985173	8.81484	0.848839	1.27433	-6.59974	-2.74,4.44	-0.12,2.67	-22.74,9.54	0.9856	0.982	0.381214	273.772	7.36651	1	8.27949	10.737	1.71095	11.6652	92.3495	991.559	19234
LJP009_A375_24H_X1_B20:B11	1	power	1.93432	62.6621	4.72744	0.983192	8.56944	0.484967	1.45169	-4.30989	-1.49,2.46	0.07,2.84	-16.14,7.52	0.984464	0.980579	0.395967	253.459	7.23459	1	8.30397	11.4056	1.81458	11.7281	90.1413	1028.12	15504
LJP009_A375_24H_X1_B20:B12	1	power	1.91993	62.4871	4.85268	0.97	7.43478	0.177707	1.79807	-2.08704	-0.68,1.04	0.08,3.51	-11.70,7.53	0.974394	0.967993	0.508338	152.214	6.36664	1	8.13958	10.8004	1.78021	12.2492	88.448	955.276	20239.1
LJP009_A375_24H_X1_B20:B13	1	power	2.52882	68.4241	3.69948	0.868827	4.53219	0.00879009	3.07429	0.457855	-0.09,0.11	-1.39,7.54	-10.56,11.47	0.888915	0.861144	1.05879	32.0085	3.81738	46	7.93259	37.3625	1.95944	9.39406	64.8189	2421.8	32860.1
LJP009_A375_24H_X1_B20:B14	1	power	1.93483	62.6682	4.7576	0.97861	8.0974	0.599043	1.37704	-5.26707	-2.24,3.44	-0.21,2.96	-20.65,10.12	0.979514	0.974392	0.454689	191.252	6.75414	1	8.24298	11.1315	1.79969	11.2776	87.0383	968.866	13176.6
LJP009_A375_24H_X1_B20:B15	1	power	1.92588	62.5597	4.82017	0.96196	6.96928	0.0774206	2.0919	-0.947366	-0.33,0.49	0.18,4.00	-9.09,7.19	0.969855	0.962319	0.551557	128.692	6.08314	2	8.10592	10.5725	1.76602	10.9074	80.3292	849.281	17827.1
LJP009_A375_24H_X1_B20:B16	1	power	1.79517	60.88	5.02969	0.979936	8.22278	0.248411	1.65776	-2.08762	-0.74,1.23	0.27,3.05	-10.52,6.35	0.982877	0.978596	0.41569	229.607	7.0657	1	8.33225	9.11415	1.75862	15.5327	110.212	1004.49	15658.3
LJP009_A375_24H_X1_B20:B17	1	power	1.79721	60.9077	5.08335	0.97601	7.8728	0.116467	1.92599	-0.86178	-0.34,0.58	0.51,3.34	-7.33,5.61	0.982018	0.977523	0.42599	218.447	6.98067	1	8.17114	10.3406	1.85733	13.6136	92.946	961.112	16435.9
LJP009_A375_24H_X1_B20:B18	1	power	1.83212	61.3736	4.99038	0.975519	7.83306	0.115038	1.93516	-1.03447	-0.35,0.58	0.49,3.38	-7.74,5.67	0.981582	0.976977	0.43113	213.174	6.93899	1	8.26041	9.55539	1.75422	13.4474	102.082	975.432	17732
LJP009_A375_24H_X1_B20:B19	1	power	1.94153	62.7489	4.70401	0.980505	8.27905	0.449407	1.47995	-4.04342	-1.45,2.35	0.03,2.93	-15.92,7.84	0.982033	0.977542	0.42581	218.635	6.98214	2	8.11882	10.9636	1.78482	11.4424	84.1235	922.296	13460.4
LJP009_A375_24H_X1_B20:B20	1	power	1.94961	62.8457	4.70284	0.976881	7.9452	0.173618	1.8028	-2.47471	-0.60,0.95	0.23,3.37	-11.63,6.68	0.980834	0.976043	0.439793	204.703	6.86987	1	8.13762	10.624	1.74228	11.6208	92.4552	982.242	14673.8
LJP009_A375_24H_X1_B20:B21	1	power	1.97536	63.1498	4.71593	0.967121	7.25516	0.0615347	2.17741	-0.99385	-0.25,0.37	0.37,3.99	-8.42,6.43	0.975486	0.969358	0.49738	159.173	6.44235	2	8.30397	11.534	1.74877	11.0967	96.9149	1117.81	26433.6
LJP009_A375_24H_X1_B20:B22	1	power	1.72232	59.8601	5.19532	0.981134	8.34333	0.151061	1.82509	-0.705207	-0.36,0.66	0.62,3.03	-6.40,4.99	0.986069	0.982586	0.37495	283.13	7.42407	2	8.42257	9.01261	1.8099	17.0551	112.243	1011.6	19075.2
LJP009_A375_24H_X1_B20:B23	1	power	1.9861	63.2748	4.68091	0.968802	7.35804	0.101854	1.99231	-1.91925	-0.42,0.63	0.16,3.83	-11.07,7.23	0.974732	0.968415	0.504971	154.304	6.38973	1	8.0818	10.747	1.7182	10.3449	87.4208	939.511	16904.2
LJP009_A375_24H_X1_B20:B24	1	power	1.68395	59.2964	5.28047	0.979278	8.15955	0.0723148	2.07723	0.260217	-0.15,0.30	0.95,3.20	-3.86,4.38	0.987827	0.984783	0.3505	324.587	7.65836	1	8.18371	8.97716	1.85	17.0554	99.9094	896.903	13926.2
LJP009_A375_24H_X1_B20:C01	1	power	2.25402	66.0755	4.0382	0.967326	7.26745	0.0223331	2.60442	-0.560369	-0.09,0.14	0.66,4.54	-6.91,5.79	0.97888	0.9736	0.461668	185.394	6.70122	7	7.81982	12.1358	1.57996	10.8588	81.6561	990.96	32771.4
LJP009_A375_24H_X1_B20:C02	1	power	2.01827	63.6428	4.51126	0.978637	8.09989	0.0834536	2.08495	-1.28281	-0.25,0.42	0.63,3.54	-7.74,5.18	0.985092	0.981365	0.387874	264.314	7.30634	2	8.14487	10.529	1.67078	11.9726	90.0641	948.285	21805.5
LJP009_A375_24H_X1_B20:C03	1	power	2.05369	64.0373	4.45464	0.96639	7.21206	0.0621497	2.20503	-0.881938	-0.26,0.39	0.29,4.12	-8.53,6.77	0.97444	0.96805	0.50788	152.496	6.36977	6	8.03528	9.52612	1.57183	11.6416	90.1123	858.421	32769.1
LJP009_A375_24H_X1_B20:C04	1	power	2.00965	63.5451	4.56478	0.981208	8.35099	0.359798	1.56676	-3.93768	-1.20,1.92	0.07,3.07	-15.42,7.54	0.983086	0.978857	0.413149	232.49	7.08701	2	8.23887	12.1864	1.79347	11.7342	86.2145	1050.65	22680.1
LJP009_A375_24H_X1_B20:C05	1	power	1.94991	62.8492	4.72769	0.97495	7.78812	0.441999	1.48806	-4.00124	-1.69,2.58	-0.18,3.15	-17.48,9.48	0.976533	0.970667	0.486639	166.455	6.5182	2	8.15606	10.5803	1.74523	10.9862	90.444	956.922	22281.8
LJP009_A375_24H_X1_B20:C06	1	power	2.01745	63.6335	4.60489	0.970939	7.49707	0.166881	1.83781	-2.35811	-0.67,1.00	0.05,3.62	-12.44,7.73	0.97527	0.969088	0.499564	157.749	6.42713	2	8.08748	10.924	1.70414	10.653	88.0531	961.89	26625
LJP009_A375_24H_X1_B20:C07	1	power	2.06548	64.1661	4.46537	0.976597	7.92126	0.217208	1.75192	-3.09968	-0.82,1.25	0.07,3.43	-13.79,7.59	0.979763	0.974704	0.45191	193.661	6.77544	3	8.08102	12.5986	1.77203	11.0657	78.3154	986.664	27725.7
LJP009_A375_24H_X1_B20:C08	1	power	1.87568	61.9361	4.85003	0.977172	7.97005	0.0974911	2.01072	-0.758687	-0.28,0.47	0.61,3.41	-6.80,5.29	0.983765	0.979707	0.404767	242.386	7.15822	1	7.98922	10.8173	1.83836	13.3245	76.5773	828.358	17272.4
LJP009_A375_24H_X1_B20:C09	1	power	1.98916	63.3102	4.61795	0.979522	8.1828	0.324528	1.60179	-3.41828	-1.07,1.72	0.10,3.10	-14.17,7.34	0.9818	0.97725	0.428571	215.776	6.95968	2	7.99929	10.9417	1.74219	11.4156	81.1685	888.118	23330.5
LJP009_A375_24H_X1_B20:C10	1	power	1.94856	62.8332	4.6166	0.98464	8.74565	0.734236	1.31753	-5.19379	-2.23,3.70	-0.04,2.68	-18.92,8.53	0.985246	0.981558	0.385865	267.116	7.32438	2	8.23477	10.7868	1.76419	12.7107	87.469	943.509	22685.7
LJP009_A375_24H_X1_B20:C11	1	power	1.75549	60.3324	5.17989	0.968776	7.35643	0.080314	2.06148	-0.000642652	-0.25,0.41	0.55,3.57	-5.77,5.77	0.977413	0.971766	0.477434	173.092	6.58455	1	8.25423	10.2093	1.87135	16.3754	96.9053	989.336	19445.4
LJP009_A375_24H_X1_B20:C12	1	power	1.96853	63.0698	4.77863	0.965457	7.15839	0.297176	1.62814	-3.21208	-1.29,1.89	-0.24,3.50	-16.15,9.72	0.968317	0.960396	0.565451	122.251	5.9967	2	8.08882	11.6596	1.80194	10.688	80.9796	944.191	18937.8
LJP009_A375_24H_X1_B20:C13	1	power	2.10759	64.6168	4.32966	0.965458	7.15844	0.0515688	2.29853	-0.485076	-0.21,0.31	0.42,4.18	-7.39,6.42	0.975014	0.968767	0.502151	156.087	6.40919	8	7.99579	11.9613	1.69723	11.4807	76.1136	910.42	32773.7
LJP009_A375_24H_X1_B20:C14	1	power	2.03341	63.8128	4.49462	0.9769	7.94681	0.164017	1.8525	-2.16216	-0.56,0.89	0.26,3.45	-10.90,6.58	0.981119	0.976399	0.436507	207.857	6.89593	5	8.02475	12.9262	1.81719	11.9223	76.7757	992.42	31974
LJP009_A375_24H_X1_B20:C15	1	power	1.91514	62.4285	4.8058	0.971762	7.55342	0.0669011	2.1555	-0.42539	-0.21,0.34	0.64,3.67	-6.29,5.44	0.980708	0.975885	0.441232	203.344	6.85852	2	8.04679	10.7537	1.78114	12.0697	81.7738	879.374	29842.6
LJP009_A375_24H_X1_B20:C16	1	power	1.70502	59.6083	5.18015	0.986558	9.0067	0.135493	1.85549	-0.605055	-0.22,0.50	0.90,2.81	-4.98,3.77	0.991631	0.989539	0.290613	473.963	8.30934	1	8.36626	9.22158	1.85724	17.2872	104.124	960.188	13859.2
LJP009_A375_24H_X1_B20:C17	1	power	1.85593	61.6836	4.92983	0.980083	8.23718	0.26527	1.64762	-2.41917	-0.77,1.30	0.28,3.02	-11.09,6.25	0.983032	0.97879	0.413803	231.743	7.08151	1	8.16235	10.3525	1.81257	13.1153	92.162	954.103	18625.5
LJP009_A375_24H_X1_B20:C18	1	power	1.80739	61.0449	5.0429	0.979001	8.13355	0.162556	1.80881	-1.4108	-0.45,0.78	0.46,3.16	-8.42,5.60	0.983584	0.97948	0.407024	239.66	7.1389	1	8.34979	10.2611	1.85398	13.2491	88.5359	908.477	15940.9
LJP009_A375_24H_X1_B20:C19	1	power	2.15856	65.143	4.30457	0.897633	5.02247	0.0660306	2.20679	-1.10814	-0.58,0.71	-1.38,5.80	-16.13,13.91	0.906153	0.882691	0.973181	38.6224	4.11031	12	7.52603	15.5538	1.87295	8.88566	56.2731	875.258	32782.8
LJP009_A375_24H_X1_B20:C20	1	power	2.77667	70.1939	3.3121	0.839435	4.13109	0.000171148	4.74328	2.10597	-0.00,0.00	-0.35,9.84	-3.99,8.20	0.889849	0.862311	1.05433	32.3138	3.83205	86	8.94479	100.889	1.90586	11.0155	70.3774	7100.28	32951.4
LJP009_A375_24H_X1_B20:C21	1	power	2.30932	66.5861	3.9677	0.9073	5.21819	0.00307898	3.465	1.66626	-0.02,0.03	0.22,6.71	-4.11,7.45	0.937754	0.922193	0.792571	60.2612	4.82355	61	8.16915	45.5897	2.10588	12.1838	76.435	3484.65	32894.3
LJP009_A375_24H_X1_B20:C22	1	power	1.94867	62.8344	4.65519	0.965858	7.18127	0.549743	1.4121	-4.61175	-2.62,3.72	-0.54,3.37	-22.31,13.08	0.967001	0.958752	0.577074	117.217	5.92601	5	7.97374	12.7846	1.89282	10.5228	80.9538	1034.96	28618.6
LJP009_A375_24H_X1_B20:C23	1	power	2.17995	65.3578	4.18003	0.884474	4.78353	0.0918571	2.10406	-1.26951	-0.89,1.08	-1.89,6.10	-19.02,16.48	0.891029	0.863786	1.04867	32.7069	3.85075	28	8.29509	22.2242	1.99938	11.2626	84.3791	1875.26	32819.1
LJP009_A375_24H_X1_B20:C24	1	power	1.947	62.8145	4.72144	0.92539	5.64594	0.0781848	2.08777	-1.07734	-0.54,0.70	-0.77,4.95	-13.64,11.48	0.933182	0.916478	0.821161	55.8644	4.70043	3	7.89344	10.7107	1.78465	10.0257	70.2636	752.575	20524.7
LJP009_A375_24H_X1_B20:D01	1	power	2.35938	67.0309	4.06965	0.899399	5.05682	1.22527	1.20657	-10.4738	-13.46,15.91	-2.67,5.08	-70.62,49.67	0.899635	0.874544	1.00641	35.8546	3.99367	7	8.14801	16.279	1.71008	6.23698	67.979	1106.63	32771.4
LJP009_A375_24H_X1_B20:D02	1	power	2.35056	66.9536	3.93041	0.959519	6.84728	0.0524188	2.3227	-1.51879	-0.28,0.39	-0.06,4.70	-11.28,8.24	0.967565	0.959456	0.572128	119.322	5.95592	12	8.14002	16.8541	1.70726	9.86892	78.9252	1330.21	32782.8
LJP009_A375_24H_X1_B20:D03	1	power	2.21085	65.6621	4.1945	0.9558	6.67483	0.0515661	2.31948	-0.759874	-0.25,0.35	0.11,4.53	-9.11,7.59	0.965729	0.957161	0.588093	112.717	5.86029	11	8.01634	15.1858	1.76941	10.1589	70.3914	1068.95	32780.5
LJP009_A375_24H_X1_B20:D04	1	power	2.15747	65.132	4.32278	0.965288	7.14879	0.170212	1.85767	-2.84258	-0.81,1.15	-0.20,3.92	-14.92,9.24	0.9695	0.961875	0.554795	127.147	6.0628	5	8.16301	11.7734	1.65093	10.1542	79.8466	940.062	31435.6
LJP009_A375_24H_X1_B20:D05	1	power	2.16889	65.2472	4.25948	0.966091	7.19466	0.115458	1.99029	-2.49172	-0.55,0.79	-0.10,4.08	-13.51,8.53	0.971196	0.963995	0.53915	134.869	6.16218	3	8.01467	12.5585	1.68906	10.638	73.6691	925.171	20406
LJP009_A375_24H_X1_B20:D06	1	power	2.20525	65.6074	4.17916	0.975471	7.82925	0.368439	1.59436	-4.63565	-1.58,2.32	-0.26,3.45	-19.43,10.16	0.977307	0.971634	0.478553	172.265	6.57642	5	8.21598	12.2797	1.64251	9.76753	83.5102	1025.48	29915.8
LJP009_A375_24H_X1_B20:D07	1	power	1.8375	61.4442	4.87227	0.980317	8.26028	0.137011	1.88995	-0.797646	-0.34,0.62	0.62,3.16	-6.67,5.07	0.985691	0.982114	0.379998	275.552	7.37761	4	8.26939	9.96374	1.77991	16.5781	102.162	1017.91	25126.8
LJP009_A375_24H_X1_B20:D08	1	power	1.8645	61.7938	4.84978	0.986517	9.00073	0.520407	1.41549	-4.12345	-1.32,2.36	0.22,2.61	-14.45,6.21	0.987645	0.984556	0.353107	319.753	7.63261	1	8.26297	9.99145	1.78332	12.6541	91.9324	918.538	15888
LJP009_A375_24H_X1_B20:D09	1	power	2.09818	64.5173	4.40067	0.965195	7.14356	0.181377	1.82571	-2.69371	-0.86,1.22	-0.23,3.88	-14.77,9.38	0.96914	0.961425	0.558061	125.617	6.0424	4	7.94472	12.0585	1.71971	11.0411	74.9905	904.27	30996
LJP009_A375_24H_X1_B20:D10	1	power	2.06101	64.1173	4.49919	0.955456	6.65959	0.0726872	2.1648	-0.770147	-0.34,0.48	0.05,4.28	-9.26,7.72	0.964251	0.955314	0.600642	107.891	5.78694	7	7.82442	11.0776	1.69055	10.7138	72.6366	804.64	32771.4
LJP009_A375_24H_X1_B20:D11	1	power	1.89594	62.191	4.78313	0.981407	8.37185	0.164034	1.81564	-2.02249	-0.47,0.80	0.45,3.18	-9.57,5.52	0.985458	0.981822	0.383086	271.064	7.34949	1	8.13037	11.9272	1.88421	11.989	83.9098	1000.81	14780.4
LJP009_A375_24H_X1_B20:D12	1	power	1.92598	62.5609	4.85881	0.964733	7.11772	0.112738	1.95516	-1.57691	-0.48,0.70	0.08,3.83	-10.70,7.55	0.970825	0.963531	0.542611	133.103	6.13995	1	8.21935	11.0373	1.7838	11.9534	88.1024	972.409	18217.7
LJP009_A375_24H_X1_B20:D13	1	power	1.88564	62.062	4.86573	0.977765	8.02157	0.457779	1.46304	-3.88635	-1.55,2.46	-0.03,2.96	-16.12,8.35	0.979311	0.974139	0.456934	189.338	6.73703	1	8.19656	10.9537	1.83361	12.5119	87.2761	955.999	14933.6
LJP009_A375_24H_X1_B20:D14	1	power	1.93672	62.6911	4.74436	0.982055	8.44128	1.05463	1.19211	-7.1186	-3.68,5.79	-0.26,2.65	-25.75,11.52	0.982294	0.977868	0.422704	221.918	7.00757	1	8.36915	11.1502	1.79549	11.1629	98.741	1100.98	16325.2
LJP009_A375_24H_X1_B20:D15	1	power	1.91516	62.4287	4.82387	0.977881	8.03182	0.359032	1.55386	-3.30392	-1.19,1.91	0.05,3.05	-14.26,7.65	0.980015	0.975018	0.449094	196.148	6.79717	2	8.12565	11.4808	1.84032	11.0807	84.077	965.272	20679.6
LJP009_A375_24H_X1_B20:D16	1	power	1.81029	61.0839	4.93785	0.983807	8.64238	0.0957254	2.00306	-0.49831	-0.19,0.38	0.92,3.09	-5.07,4.07	0.990196	0.987744	0.314553	403.978	8.03431	1	8.00809	9.61158	1.81244	14.0787	80.9751	778.299	17327.4
LJP009_A375_24H_X1_B20:D17	1	power	1.73972	60.1094	5.16507	0.976792	7.93766	0.342911	1.54181	-2.09279	-1.07,1.75	0.10,2.98	-11.48,7.30	0.979048	0.973811	0.459823	186.917	6.71513	1	8.4509	8.52185	1.75628	16.7239	121.159	1032.5	16495.4
LJP009_A375_24H_X1_B20:D18	1	power	2.00083	63.4445	4.64831	0.967255	7.26316	0.173773	1.82391	-2.21225	-0.72,1.07	-0.02,3.67	-12.57,8.15	0.971765	0.964707	0.533794	137.67	6.19687	3	8.08184	11.5908	1.76568	10.2551	82.9752	961.75	29977.2
LJP009_A375_24H_X1_B20:D19	1	power	1.98781	63.2946	4.62321	0.97777	8.02199	0.239796	1.70817	-2.73426	-0.80,1.28	0.18,3.24	-12.38,6.91	0.980965	0.976206	0.438292	206.135	6.88175	2	8.17935	10.4653	1.70706	10.8116	85.5163	894.956	25339.3
LJP009_A375_24H_X1_B20:D20	1	power	1.93737	62.6988	4.68609	0.978039	8.04585	0.121387	1.93616	-1.49082	-0.37,0.61	0.48,3.39	-8.63,5.65	0.983412	0.979266	0.409141	237.145	7.12088	2	8.1167	10.6196	1.7602	11.6325	84.2227	894.41	22404.4
LJP009_A375_24H_X1_B20:D21	1	power	1.97784	63.1788	4.72566	0.949121	6.39857	0.0261775	2.49523	0.0120623	-0.13,0.18	0.32,4.67	-6.86,6.88	0.963159	0.953949	0.609746	104.574	5.73467	4	8.14903	12.1252	1.78092	11.1341	82.3081	998.005	25064.4
LJP009_A375_24H_X1_B20:D22	1	power	1.93659	62.6894	4.76297	0.975997	7.87174	0.231087	1.70978	-2.55662	-0.80,1.26	0.14,3.28	-12.27,7.16	0.979325	0.974157	0.456776	189.472	6.73824	2	8.15068	10.8057	1.77636	10.6796	83.2071	899.115	20714.1
LJP009_A375_24H_X1_B20:D23	1	power	1.84721	61.5708	4.82966	0.972656	7.61642	0.12462	1.90631	-1.29292	-0.42,0.67	0.34,3.47	-8.92,6.33	0.9784	0.973001	0.466879	181.189	6.66222	1	8.03285	9.95332	1.7955	11.4294	86.0634	856.617	18897.6
LJP009_A375_24H_X1_B20:D24	1	power	1.92766	62.5813	4.77789	0.968539	7.34156	0.0354905	2.37778	-0.00645373	-0.12,0.19	0.76,3.99	-5.37,5.36	0.980144	0.97518	0.44764	197.45	6.80843	2	8.13421	9.64838	1.66081	12.0652	96.4383	930.474	23805.7
LJP009_A375_24H_X1_B20:E01	1	power	2.10896	64.6313	4.45741	0.957746	6.76317	0.138536	1.91791	-2.49201	-0.73,1.00	-0.32,4.16	-14.76,9.78	0.962803	0.953504	0.612686	103.535	5.71796	4	8.02409	10.9863	1.64217	10.1765	79.8096	876.811	29059.2
LJP009_A375_24H_X1_B20:E02	1	power	1.92953	62.604	4.74442	0.980402	8.26875	0.220989	1.7231	-2.47781	-0.66,1.10	0.31,3.13	-11.06,6.11	0.983741	0.979676	0.405071	242.016	7.15561	2	8.11848	10.0713	1.72408	11.658	91.952	926.073	19145.9
LJP009_A375_24H_X1_B20:E03	1	power	1.98324	63.2416	4.5256	0.988417	9.29795	0.480587	1.46258	-4.56411	-1.21,2.17	0.26,2.66	-14.95,5.82	0.989584	0.98698	0.324215	380.024	7.92919	2	8.1293	11.301	1.76996	12.0571	82.8016	935.741	18289.1
LJP009_A375_24H_X1_B20:E04	1	power	2.02065	63.6697	4.51089	0.982712	8.5143	1.70092	1.05417	-9.07479	-6.21,9.61	-0.42,2.53	-33.21,15.06	0.98273	0.978413	0.417472	227.617	7.05084	2	8.26897	11.154	1.72223	11.4505	95.0513	1060.2	23261.3
LJP009_A375_24H_X1_B20:E05	1	power	1.86526	61.8034	4.93533	0.97908	8.14094	0.549208	1.39684	-4.34678	-1.82,2.92	-0.06,2.86	-17.33,8.64	0.98022	0.975275	0.446779	198.227	6.81512	1	8.25193	9.6136	1.75257	12.1529	93.1819	895.813	15345
LJP009_A375_24H_X1_B20:E06	1	power	1.97961	63.1994	4.60842	0.979342	8.16563	0.362243	1.56352	-3.50159	-1.19,1.92	0.07,3.06	-14.58,7.58	0.981396	0.976745	0.433295	211.009	6.92159	3	8.14127	12.8584	1.85759	11.2727	87.5392	1125.61	26695.4
LJP009_A375_24H_X1_B20:E07	1	power	1.94877	62.8356	4.79484	0.970737	7.48351	0.376603	1.54027	-3.80692	-1.57,2.32	-0.24,3.32	-17.53,9.91	0.97273	0.965913	0.524594	142.682	6.25727	2	8.13105	11.8334	1.83568	10.4598	77.2979	914.699	19454.5
LJP009_A375_24H_X1_B20:E08	1	power	2.03463	63.8263	4.59316	0.972724	7.6213	0.667041	1.36066	-5.82076	-2.94,4.27	-0.45,3.18	-24.41,12.77	0.973553	0.966941	0.516619	147.246	6.3105	2	8.282	11.6544	1.7434	10.5226	85.1289	992.125	23988
LJP009_A375_24H_X1_B20:E09	1	power	2.03222	63.7995	4.60123	0.970456	7.46477	0.190924	1.79147	-2.70559	-0.77,1.15	0.00,3.58	-13.45,8.04	0.974462	0.968078	0.507663	152.629	6.37125	3	8.21775	12.1584	1.76955	10.0138	84.2036	1023.78	24621.6
LJP009_A375_24H_X1_B20:E10	1	power	2.07934	64.3161	4.42331	0.976387	7.90377	0.190897	1.8069	-2.58269	-0.68,1.07	0.16,3.45	-12.25,7.08	0.980166	0.975207	0.447396	197.67	6.81032	7	8.25045	13.406	1.79721	9.90649	80.8493	1083.87	32771.4
LJP009_A375_24H_X1_B20:E11	1	power	2.1484	65.0398	4.34214	0.943343	6.18727	0.0207584	2.64926	0.263013	-0.11,0.15	0.25,5.05	-6.64,7.17	0.959344	0.94918	0.640538	94.3863	5.5635	17	8.06022	16.4653	1.81466	10.9935	79.3817	1307.04	32794.1
LJP009_A375_24H_X1_B20:E12	1	power	1.99409	63.367	4.60695	0.968964	7.36822	0.0829597	2.08597	-1.11383	-0.32,0.49	0.32,3.85	-8.81,6.58	0.976096	0.97012	0.491151	163.338	6.48614	4	8.08325	11.306	1.76164	11.2338	75.1476	849.622	25776.9
LJP009_A375_24H_X1_B20:E13	1	power	1.7276	59.9361	5.19178	0.983126	8.56167	0.23318	1.66635	-1.66743	-0.56,1.02	0.48,2.85	-8.54,5.20	0.986381	0.982976	0.370726	289.711	7.46344	1	8.30817	9.03377	1.83087	16.6479	99.0292	894.608	13683.9
LJP009_A375_24H_X1_B20:E14	1	power	2.14087	64.9628	4.37687	0.951566	6.49526	0.031875	2.46007	-0.540854	-0.16,0.23	0.17,4.75	-8.43,7.35	0.963603	0.954504	0.606056	105.9	5.75576	4	7.93972	10.5687	1.58084	10.5032	78.9295	834.185	26436.6
LJP009_A375_24H_X1_B20:E15	1	power	1.91703	62.4517	4.77105	0.977358	7.98606	0.173476	1.80547	-2.00958	-0.55,0.90	0.32,3.29	-10.27,6.25	0.981579	0.976973	0.431165	213.14	6.93872	1	8.09221	10.4157	1.76734	11.5835	83.6257	871.019	18093.2
LJP009_A375_24H_X1_B20:E16	1	power	1.70857	59.6602	5.22312	0.9854	8.84499	0.239135	1.65427	-1.58241	-0.49,0.97	0.58,2.73	-7.80,4.63	0.988607	0.985759	0.339083	347.087	7.77342	1	8.26803	9.27674	1.88138	15.671	92.4431	857.57	13103.2
LJP009_A375_24H_X1_B20:E17	1	power	1.96274	63.0015	4.69479	0.975216	7.80896	0.352044	1.56456	-3.75598	-1.32,2.03	-0.08,3.21	-16.19,8.68	0.977325	0.971656	0.478365	172.403	6.57779	1	8.25519	10.4077	1.72839	10.8814	84.2743	877.102	16612.7
LJP009_A375_24H_X1_B20:E18	1	power	1.83132	61.3631	4.8672	0.98342	8.59607	0.237139	1.68332	-2.02211	-0.58,1.06	0.46,2.90	-9.29,5.25	0.986624	0.98328	0.367405	295.044	7.4947	1	8.1772	10.5183	1.85759	13.121	84.8842	892.836	18112.2
LJP009_A375_24H_X1_B20:E19	1	power	2.42734	67.6096	3.89103	0.877792	4.67232	0.0129097	2.92734	0.50655	-0.11,0.14	-0.96,6.82	-9.40,10.41	0.898807	0.873508	1.01055	35.5283	3.97939	45	8.18369	37.7947	2.0613	9.58304	57.3829	2168.77	32857.8
LJP009_A375_24H_X1_B20:E20	1	power	2.05456	64.0468	4.48681	0.978316	8.07073	0.42793	1.51424	-4.62805	-1.63,2.49	-0.14,3.17	-18.50,9.25	0.979843	0.974804	0.451017	194.444	6.78232	3	8.231	9.78811	1.60686	10.8212	87.5673	857.119	20707.6
LJP009_A375_24H_X1_B20:E21	1	power	1.94837	62.8309	4.65367	0.980844	8.31342	0.748221	1.31034	-5.38633	-2.62,4.12	-0.20,2.82	-20.91,10.14	0.981443	0.976804	0.432749	211.553	6.92598	2	8.52726	10.1921	1.70936	15.9451	119.778	1220.79	29049.4
LJP009_A375_24H_X1_B20:E22	1	power	2.14092	64.9633	4.39595	0.964345	7.09625	0.268729	1.69417	-3.65099	-1.30,1.83	-0.36,3.75	-17.89,10.59	0.967345	0.959182	0.574057	118.494	5.94422	6	8.24042	13.1692	1.7271	9.6838	89.1996	1174.69	32769.1
LJP009_A375_24H_X1_B20:E23	1	power	1.80491	61.0116	4.90072	0.978983	8.13186	0.0593169	2.18161	0.203417	-0.14,0.26	0.94,3.43	-4.16,4.57	0.987538	0.984423	0.354626	316.984	7.61769	3	8.33702	10.2206	1.79994	17.3084	109.544	1119.61	25892.9
LJP009_A375_24H_X1_B20:E24	1	power	1.91239	62.3946	4.63013	0.973722	7.69436	0.0758827	2.09485	-0.859613	-0.25,0.40	0.54,3.65	-7.45,5.73	0.981128	0.97641	0.436409	207.952	6.89671	2	8.10751	12.0483	1.86758	11.5353	83.3569	1004.31	20429.3
LJP009_A375_24H_X1_B20:F01	1	power	1.98995	63.3193	4.72203	0.961416	6.94139	0.146072	1.88202	-1.99996	-0.66,0.95	-0.10,3.87	-12.51,8.51	0.966702	0.958378	0.579684	116.128	5.91033	3	8.31268	11.0434	1.72275	11.99	93.3038	1030.39	28453.6
LJP009_A375_24H_X1_B20:F02	1	power	2.01046	63.5543	4.54858	0.981925	8.42712	0.672346	1.35454	-5.61458	-2.30,3.65	-0.13,2.84	-20.71,9.48	0.982685	0.978357	0.418012	227.019	7.04635	2	8.04334	11.2357	1.73949	10.5133	86.2692	969.295	21161.8
LJP009_A375_24H_X1_B20:F03	1	power	2.06378	64.1476	4.42803	0.969213	7.38402	0.108266	2.00862	-1.56277	-0.45,0.67	0.13,3.89	-10.49,7.36	0.974934	0.968668	0.502949	155.579	6.40367	6	8.12003	12.186	1.74583	11.304	79.1041	963.961	32769.1
LJP009_A375_24H_X1_B20:F04	1	power	1.81966	61.2088	4.96326	0.987208	9.10372	0.626613	1.34623	-4.24389	-1.52,2.77	0.19,2.50	-14.80,6.32	0.988024	0.98503	0.347646	330.004	7.68677	1	8.18356	9.57551	1.79407	12.2846	93.3071	893.463	16693
LJP009_A375_24H_X1_B20:F05	1	power	1.97511	63.1469	4.62025	0.970273	7.45268	0.114776	1.97746	-1.16293	-0.42,0.65	0.28,3.68	-9.00,6.67	0.97636	0.97045	0.488438	165.203	6.50539	2	7.89168	10.6165	1.73433	12.2748	76.4714	811.862	27242.8
LJP009_A375_24H_X1_B20:F06	1	power	1.85859	61.7179	4.88574	0.981345	8.36526	0.179866	1.78417	-1.72477	-0.47,0.83	0.49,3.07	-8.76,5.31	0.985507	0.981884	0.382435	272.001	7.3554	2	8.20008	9.60041	1.74951	12.3901	95.0576	912.591	21714.1
LJP009_A375_24H_X1_B20:F07	1	power	2.01188	63.5705	4.61079	0.96856	7.34291	0.139136	1.91392	-1.61892	-0.53,0.81	0.15,3.67	-10.44,7.21	0.974121	0.967651	0.511045	150.564	6.34819	4	8.04887	12.0542	1.78298	11.1335	78.8021	949.895	29690.4
LJP009_A375_24H_X1_B20:F08	1	power	1.86783	61.8363	4.9268	0.974377	7.74378	0.160512	1.83037	-1.46574	-0.52,0.84	0.31,3.35	-9.28,6.35	0.979251	0.974063	0.4576	188.776	6.73198	1	8.03222	10.6267	1.83015	12.0398	79.7364	847.331	21613.2
LJP009_A375_24H_X1_B20:F09	1	power	1.95523	62.9125	4.73337	0.973284	7.66192	0.35188	1.56808	-3.4343	-1.33,2.04	-0.10,3.24	-15.66,8.79	0.975516	0.969395	0.497074	159.374	6.44449	2	7.93746	12.1027	1.85127	11.4116	73.3621	887.878	19877.9
LJP009_A375_24H_X1_B20:F10	1	power	2.1603	65.1607	4.33039	0.95417	6.60375	0.107799	2.0155	-2.29148	-0.60,0.82	-0.36,4.39	-14.44,9.86	0.960018	0.950023	0.635203	96.046	5.59256	3	7.96728	11.8647	1.65503	9.9516	76.3033	905.316	29471.1
LJP009_A375_24H_X1_B20:F11	1	power	1.94494	62.7898	4.57034	0.978629	8.0992	0.626113	1.37153	-4.62374	-2.37,3.62	-0.26,3.00	-19.67,10.42	0.979437	0.974296	0.45554	190.523	6.74765	4	8.62423	10.5961	1.73676	15.6126	120.537	1277.22	29423.9
LJP009_A375_24H_X1_B20:F12	1	power	2.08803	64.4093	4.43311	0.962066	6.97476	0.154835	1.88019	-2.3709	-0.76,1.07	-0.25,4.01	-14.16,9.42	0.966612	0.958264	0.580472	115.802	5.90561	6	8.04617	13.635	1.80108	10.7817	78.4229	1069.3	32769.1
LJP009_A375_24H_X1_B20:F13	1	power	2.03049	63.7802	4.58795	0.962289	6.98629	0.0985416	2.02286	-1.74213	-0.45,0.65	0.00,4.04	-11.46,7.98	0.968681	0.960851	0.562199	123.716	6.01674	2	8.00358	13.5535	1.85572	10.5186	70.4891	955.377	18905.4
LJP009_A375_24H_X1_B20:F14	1	power	1.64325	58.6775	5.28823	0.988487	9.30989	0.0935387	1.98161	0.29176	-0.09,0.28	1.27,2.69	-2.41,2.99	0.995257	0.994071	0.218783	839.332	9.29575	1	8.18874	7.94038	1.80374	18.0494	101.052	802.393	13124.9
LJP009_A375_24H_X1_B20:F15	1	power	1.9415	62.7485	4.76917	0.969991	7.43416	0.135693	1.90032	-1.62512	-0.50,0.77	0.21,3.59	-10.16,6.91	0.975511	0.969388	0.497132	159.336	6.44409	1	8.04808	10.138	1.72316	11.1655	82.804	839.467	24907.8
LJP009_A375_24H_X1_B20:F16	1	power	1.91569	62.4352	4.80261	0.976451	7.90908	0.303647	1.60861	-3.14808	-1.07,1.68	0.03,3.18	-14.09,7.79	0.978904	0.97363	0.461408	185.607	6.70318	1	8.14758	9.93516	1.72798	12.3132	91.7248	911.3	16765.9
LJP009_A375_24H_X1_B20:F17	1	power	1.96971	63.0835	4.70854	0.976929	7.94927	0.505977	1.44096	-4.85083	-1.95,2.96	-0.20,3.08	-19.58,9.88	0.978164	0.972705	0.469429	179.183	6.6433	1	8.24712	11.2435	1.77163	10.8064	89.9243	1011.06	17732.2
LJP009_A375_24H_X1_B20:F18	1	power	1.74012	60.1151	5.07931	0.986218	8.95782	0.195998	1.74023	-1.00455	-0.38,0.77	0.69,2.79	-6.38,4.38	0.989943	0.987429	0.318577	393.738	7.99015	1	8.31373	9.89561	1.87384	17.6437	107.817	1066.92	16871.1
LJP009_A375_24H_X1_B20:F19	1	power	3.27065	72.999	2.13779	0.470007	1.70159	3.0943e-09	9.82558	3.64844	-0.00,0.00	-12.82,32.47	-4.30,11.60	0.52343	0.404287	2.19304	4.3933	1.28749	184	10.7551	580.158	2.08145	14.93	56.7106	32901.1	33175.9
LJP009_A375_24H_X1_B20:F20	1	power	2.62652	69.1566	3.50466	0.969632	7.41085	0.0954283	2.16217	-2.79604	-0.48,0.68	-0.12,4.45	-14.25,8.66	0.974814	0.968518	0.504148	154.821	6.3954	40	8.48652	28.0427	1.78164	10.8807	80.9444	2269.9	32846.5
LJP009_A375_24H_X1_B20:F21	1	power	1.97226	63.1136	4.67159	0.978123	8.05337	0.390258	1.53083	-4.05954	-1.42,2.20	-0.06,3.12	-16.70,8.58	0.979873	0.974842	0.45068	194.742	6.78492	1	8.22959	11.1406	1.76304	11.3042	89.6009	998.205	18048.9
LJP009_A375_24H_X1_B20:F22	1	power	1.98112	63.217	4.68401	0.972367	7.59583	0.472695	1.46451	-4.81197	-2.07,3.02	-0.36,3.29	-20.91,11.29	0.973718	0.967147	0.515008	148.194	6.32135	2	8.24523	11.6206	1.78151	9.98289	96.2153	1118.08	19400.2
LJP009_A375_24H_X1_B20:F23	1	power	1.77479	60.601	5.02483	0.974139	7.72564	0.13679	1.8768	-0.618665	-0.43,0.70	0.38,3.37	-7.41,6.17	0.979511	0.974389	0.454719	191.226	6.75391	2	8.38737	10.0778	1.84364	16.8372	105.052	1058.7	21940.6
LJP009_A375_24H_X1_B20:F24	1	power	2.15119	65.0682	4.29275	0.947364	6.33188	0.0302343	2.48171	-0.481042	-0.17,0.24	-0.04,5.01	-9.06,8.10	0.958781	0.948476	0.644958	93.0426	5.53961	8	7.89464	11.4548	1.63263	10.9186	74.9907	859.003	32773.7
LJP009_A375_24H_X1_B20:G01	1	power	2.20931	65.647	4.23677	0.96327	7.038	0.11333	2.01057	-2.35873	-0.56,0.78	-0.14,4.16	-13.49,8.78	0.96886	0.961074	0.56059	124.45	6.0267	10	8.12185	14.2475	1.72242	9.28197	82.4424	1174.6	32778.2
LJP009_A375_24H_X1_B20:G02	1	power	2.2408	65.9502	4.16523	0.955247	6.65041	0.129788	1.97863	-2.3512	-0.72,0.98	-0.41,4.37	-14.89,10.18	0.960604	0.950756	0.63053	97.5344	5.61821	14	8.1163	15.9617	1.77189	9.39684	75.7895	1209.73	32787.3
LJP009_A375_24H_X1_B20:G03	1	power	2.11163	64.6593	4.43275	0.964096	7.0826	0.206262	1.78091	-3.06188	-0.98,1.40	-0.27,3.83	-15.87,9.75	0.967818	0.959773	0.569886	120.294	5.96956	5	7.93355	13.4638	1.79165	9.57272	66.6078	896.792	30956.6
LJP009_A375_24H_X1_B20:G04	1	power	2.04186	63.9068	4.58659	0.967624	7.2854	0.231019	1.72488	-3.20604	-1.02,1.49	-0.19,3.64	-15.67,9.26	0.970959	0.963698	0.541365	133.735	6.14794	2	8.16917	11.4909	1.72765	10.7129	80.8067	928.542	26130.8
LJP009_A375_24H_X1_B20:G05	1	power	2.00135	63.4504	4.58212	0.978124	8.05342	1.39466	1.11427	-8.15159	-5.79,8.58	-0.54,2.77	-32.34,16.04	0.978204	0.972755	0.468994	179.523	6.64652	2	8.23871	12.4767	1.82069	10.3156	83.4414	1041.07	23141.8
LJP009_A375_24H_X1_B20:G06	1	power	1.99759	63.4073	4.67518	0.954001	6.5965	0.0793455	2.11711	-0.751746	-0.36,0.52	0.06,4.18	-9.22,7.72	0.962819	0.953524	0.612553	103.582	5.71871	7	7.96887	12.2573	1.81036	11.0412	72.9257	893.875	32771.4
LJP009_A375_24H_X1_B20:G07	1	power	2.18586	65.4166	4.23057	0.978189	8.05929	0.659449	1.38872	-6.53734	-2.83,4.15	-0.40,3.17	-25.40,12.33	0.978968	0.97371	0.460708	186.184	6.70846	3	8.17365	13.1417	1.70244	10.3673	80.8533	1062.55	20902.1
LJP009_A375_24H_X1_B20:G08	1	power	2.0633	64.1424	4.54459	0.954376	6.6126	0.102747	2.02758	-1.48844	-0.52,0.72	-0.17,4.22	-11.79,8.82	0.961314	0.951642	0.62483	99.3956	5.64977	7	7.90302	13.515	1.83542	9.2161	66.5038	898.801	32771.4
LJP009_A375_24H_X1_B20:G09	1	power	1.95282	62.884	4.73187	0.971452	7.53202	0.276324	1.65109	-2.9565	-1.11,1.66	-0.10,3.41	-14.63,8.72	0.97424	0.967801	0.509861	151.282	6.35624	2	8.03857	9.84978	1.69211	11.3659	87.3954	860.826	22857.2
LJP009_A375_24H_X1_B20:G10	1	power	1.85357	61.6532	4.97159	0.977722	8.01775	0.333339	1.56849	-2.85236	-1.07,1.74	0.10,3.04	-13.03,7.32	0.980056	0.97507	0.448633	196.559	6.80073	1	8.22319	9.71998	1.76109	12.8132	101.542	986.99	18308.9
LJP009_A375_24H_X1_B20:G11	1	power	1.78705	60.7695	5.17369	0.969279	7.38824	0.297208	1.59638	-2.30386	-1.11,1.71	-0.06,3.25	-12.96,8.35	0.972114	0.965143	0.530484	139.443	6.21848	1	8.44303	9.11978	1.76531	15.6556	111.838	1019.94	19865.9
LJP009_A375_24H_X1_B20:G12	1	power	1.74058	60.1217	5.07745	0.978337	8.07259	0.05492	2.20347	0.620989	-0.12,0.23	1.02,3.39	-3.24,4.48	0.987835	0.984794	0.350378	324.815	7.65957	2	8.17907	9.83618	1.86344	17.3303	92.3995	908.858	23264.3
LJP009_A375_24H_X1_B20:G13	1	power	1.89153	62.1358	4.74857	0.97857	8.09373	0.604121	1.36714	-4.98319	-2.17,3.38	-0.17,2.90	-19.70,9.73	0.979481	0.974351	0.455053	190.94	6.75137	1	8.07764	8.28633	1.62439	10.9937	84.6024	701.043	9240.53
LJP009_A375_24H_X1_B20:G14	1	power	2.0409	63.8961	4.52835	0.968304	7.32696	0.134585	1.92958	-1.70028	-0.53,0.80	0.12,3.74	-10.79,7.39	0.973829	0.967287	0.513914	148.842	6.32874	6	8.14112	11.8351	1.75121	10.465	76.8938	910.046	32769.1
LJP009_A375_24H_X1_B20:G15	1	power	1.98538	63.2664	4.56261	0.986292	8.96844	0.458121	1.48382	-4.07444	-1.20,2.12	0.23,2.73	-14.33,6.18	0.987698	0.984622	0.352348	321.147	7.64008	3	8.13348	10.3126	1.70061	11.4867	87.0816	898.042	21112.2
LJP009_A375_24H_X1_B20:G16	1	power	2.06543	64.1656	4.44672	0.967574	7.28239	0.064976	2.20089	-0.737073	-0.25,0.38	0.41,3.99	-7.80,6.32	0.976191	0.970238	0.49018	164.002	6.49302	6	8.16742	12.6521	1.76195	11.3679	78.7328	996.136	32769.1
LJP009_A375_24H_X1_B20:G17	1	power	1.98975	63.3171	4.55497	0.972317	7.59225	0.0374508	2.40889	0.417607	-0.10,0.17	1.05,3.77	-3.79,4.62	0.985127	0.981409	0.387417	264.947	7.31043	10	8.18985	12.3402	1.776	13.3367	88.7378	1095.04	32778.2
LJP009_A375_24H_X1_B20:G18	1	power	1.7064	59.6284	5.27379	0.984269	8.69899	0.239542	1.65437	-1.54241	-0.53,1.01	0.52,2.78	-8.03,4.95	0.98747	0.984337	0.355597	315.233	7.60819	1	8.46938	8.55131	1.79461	16.5553	114.525	979.34	11577
LJP009_A375_24H_X1_B20:G19	1	power	1.90576	62.3128	4.81386	0.96754	7.28031	0.056126	2.22084	-0.141555	-0.19,0.31	0.57,3.87	-6.10,5.82	0.977413	0.971766	0.477431	173.094	6.58457	4	7.93646	12.1801	1.8896	11.6956	73.1384	890.832	31993.1
LJP009_A375_24H_X1_B20:G20	1	power	1.89141	62.1343	4.87793	0.973733	7.69516	0.146841	1.86371	-1.51045	-0.49,0.79	0.30,3.42	-9.45,6.43	0.978865	0.973581	0.46183	185.261	6.70001	1	7.99245	11.3779	1.8538	11.3643	81.0633	922.332	24256.5
LJP009_A375_24H_X1_B20:G21	1	power	1.9895	63.3141	4.55702	0.977618	8.00869	0.216629	1.74218	-2.61315	-0.77,1.20	0.14,3.35	-12.44,7.21	0.98082	0.976025	0.43995	204.554	6.86864	3	8.10058	11.487	1.77233	10.6791	83.852	963.207	26119.4
LJP009_A375_24H_X1_B20:G22	1	power	1.88769	62.0877	4.9278	0.96358	7.05464	0.0847026	2.05206	-0.930477	-0.33,0.50	0.27,3.84	-8.69,6.83	0.97156	0.96445	0.535734	136.646	6.18427	1	7.94723	10.6736	1.81219	10.5313	78.6878	839.882	15845.8
LJP009_A375_24H_X1_B20:G23	1	power	1.93308	62.647	4.76311	0.970432	7.46319	0.0959004	2.01928	-1.16352	-0.35,0.54	0.33,3.70	-8.80,6.47	0.977105	0.971381	0.480679	170.709	6.56102	2	8.0431	10.9628	1.78123	10.9794	84.3927	925.182	20992.5
LJP009_A375_24H_X1_B20:G24	1	power	1.81224	61.1099	4.94929	0.975262	7.81267	0.0408462	2.30771	0.323999	-0.11,0.19	0.96,3.65	-4.06,4.71	0.985669	0.982087	0.380292	275.12	7.37492	1	8.29002	10.0958	1.77508	17.0494	109.495	1105.44	21497.9
LJP009_A375_24H_X1_B20:H01	1	power	1.85148	61.6261	4.8647	0.982432	8.48279	0.112362	1.94717	-1.05844	-0.26,0.49	0.74,3.15	-6.64,4.53	0.988101	0.985126	0.346534	332.15	7.69789	1	8.03359	8.9724	1.70961	13.7517	90.066	808.107	13378.4
LJP009_A375_24H_X1_B20:H02	1	power	2.05677	64.071	4.52172	0.951627	6.49774	0.055291	2.25351	-0.678026	-0.28,0.39	0.02,4.49	-9.21,7.85	0.961363	0.951704	0.624427	99.5289	5.65201	5	7.77416	11.5059	1.73377	10.8061	65.0199	748.112	31784.6
LJP009_A375_24H_X1_B20:H03	1	power	2.32115	66.6926	3.94018	0.964743	7.11825	0.13423	1.98837	-2.37995	-0.67,0.94	-0.24,4.22	-14.03,9.27	0.96948	0.96185	0.554973	127.063	6.06168	24	8.10807	20.4086	1.83829	11.4289	83.5574	1705.29	32810
LJP009_A375_24H_X1_B20:H04	1	power	1.80002	60.9456	5.07036	0.971365	7.52605	0.047419	2.24791	0.154805	-0.14,0.23	0.83,3.66	-4.72,5.03	0.982327	0.977909	0.422315	222.336	7.01077	1	8.19221	10.2717	1.85356	13.3119	83.3533	856.178	16880.7
LJP009_A375_24H_X1_B20:H05	1	power	1.91266	62.398	4.75903	0.97696	7.95194	0.123691	1.9297	-1.29218	-0.37,0.62	0.49,3.37	-8.23,5.64	0.982587	0.978233	0.419203	225.708	7.03647	2	7.9315	10.8444	1.81508	12.1629	72.6752	788.118	23717.6
LJP009_A375_24H_X1_B20:H06	1	power	2.20759	65.6303	4.21156	0.953633	6.58087	0.613032	1.41798	-6.23358	-3.94,5.16	-1.11,3.94	-31.89,19.42	0.954613	0.943266	0.676784	84.1302	5.37226	4	7.95464	13.0792	1.68943	9.05011	72.1713	943.946	30696.6
LJP009_A375_24H_X1_B20:H07	1	power	1.96415	63.0182	4.67148	0.981474	8.37892	1.3373	1.12025	-8.34938	-5.05,7.73	-0.40,2.64	-30.78,14.08	0.981564	0.976955	0.43134	212.963	6.9373	1	8.15186	8.75325	1.59518	10.5814	98.5178	862.351	9984.01
LJP009_A375_24H_X1_B20:H08	1	power	2.11139	64.6567	4.45399	0.959901	6.86585	0.154172	1.8853	-2.47922	-0.76,1.07	-0.25,4.02	-14.41,9.46	0.964787	0.955984	0.596118	109.596	5.81321	3	8.01936	10.9823	1.64527	9.40694	77.3473	849.453	19739.6
LJP009_A375_24H_X1_B20:H09	1	power	2.25	66.0375	4.19919	0.965372	7.15353	4.25276	0.805454	-15.8334	-25.52,34.03	-1.25,2.86	-77.39,45.73	0.965617	0.957022	0.58905	112.338	5.85464	14	8.91645	15.9476	1.784	9.7707	118.973	1897.34	32787.3
LJP009_A375_24H_X1_B20:H10	1	power	2.02107	63.6744	4.55276	0.976971	7.95283	0.567366	1.41238	-5.26595	-2.30,3.43	-0.30,3.12	-21.47,10.94	0.977971	0.972464	0.471495	177.581	6.62804	1	8.21095	9.35731	1.60001	11.0082	93.0827	871.003	11669.3
LJP009_A375_24H_X1_B20:H11	1	power	2.69543	69.6453	3.57471	0.936111	5.95112	0.496299	1.55249	-8.5406	-4.59,5.58	-1.96,5.06	-46.40,29.32	0.937389	0.921736	0.794893	59.8863	4.81339	6	8.15387	16.3609	1.49838	6.34803	72.02	1178.31	32769.1
LJP009_A375_24H_X1_B20:H12	1	power	2.38401	67.2438	3.83663	0.962475	6.996	3.16897	0.911766	-14.726	-22.89,29.23	-1.60,3.42	-77.98,48.53	0.962511	0.953138	0.615088	102.697	5.70436	16	8.71751	17.4118	1.7331	9.69249	120.603	2099.92	32791.9
LJP009_A375_24H_X1_B20:H13	1	power	1.8301	61.347	5.04303	0.975892	7.86318	0.208579	1.72828	-1.8169	-0.64,1.06	0.29,3.17	-10.00,6.37	0.979922	0.974902	0.450138	195.221	6.7891	1	8.05272	11.1432	1.91246	12.0529	74.9688	835.395	15191
LJP009_A375_24H_X1_B20:H14	1	power	1.76289	60.4359	5.09347	0.973909	7.7083	0.0924143	2.01842	-0.0277578	-0.26,0.45	0.60,3.44	-5.57,5.52	0.98127	0.976588	0.434761	209.562	6.90986	2	8.29271	9.72842	1.81005	17.0541	110.904	1078.92	25353.8
LJP009_A375_24H_X1_B20:H15	1	power	1.85882	61.7209	4.93292	0.978421	8.08021	0.223323	1.71317	-1.9056	-0.66,1.10	0.31,3.11	-10.00,6.18	0.982051	0.977564	0.425602	218.852	6.98383	1	8.15186	10.8635	1.84748	12.3937	87.3962	949.43	19693.6
LJP009_A375_24H_X1_B20:H16	1	power	1.91696	62.4508	4.82302	0.975922	7.86559	0.205863	1.74399	-2.38146	-0.69,1.11	0.20,3.28	-11.57,6.81	0.979665	0.974581	0.453009	192.704	6.76701	1	8.02595	11.2372	1.83169	10.971	75.7014	850.669	15859.4
LJP009_A375_24H_X1_B20:H17	1	power	1.73136	59.9901	5.27798	0.977867	8.03053	0.195977	1.73352	-1.18471	-0.52,0.91	0.43,3.04	-8.04,5.68	0.982258	0.977822	0.42314	221.453	7.00399	1	8.30052	9.01879	1.82054	15.8635	99.3863	896.344	14044.5
LJP009_A375_24H_X1_B20:H18	1	power	1.71572	59.7644	5.29441	0.982321	8.47049	0.314725	1.5618	-2.07404	-0.78,1.41	0.35,2.77	-9.89,5.74	0.984826	0.981032	0.391325	259.603	7.27556	1	8.44285	8.90357	1.8266	15.9442	108.019	961.759	11277.3
LJP009_A375_24H_X1_B20:H19	1	power	1.91618	62.4412	4.71289	0.978927	8.12663	0.0666816	2.14837	-0.574485	-0.18,0.31	0.80,3.50	-5.92,4.77	0.98655	0.983187	0.368423	293.394	7.48509	1	8.11111	9.02565	1.63248	13.9435	102.635	926.345	18513
LJP009_A375_24H_X1_B20:H20	1	power	1.96321	63.0071	4.58718	0.974866	7.78151	0.310643	1.61996	-2.80132	-1.16,1.78	-0.05,3.29	-13.97,8.37	0.97727	0.971587	0.478946	171.976	6.57357	4	8.37315	10.7042	1.73354	13.269	95.8093	1025.56	26031
LJP009_A375_24H_X1_B20:H21	1	power	1.90991	62.3641	4.7521	0.981913	8.42584	0.545795	1.40714	-4.51726	-1.81,2.90	-0.05,2.87	-17.58,8.55	0.982933	0.978666	0.415018	230.365	7.07133	1	8.36168	11.1217	1.8176	12.085	94.5613	1051.68	16721.3
LJP009_A375_24H_X1_B20:H22	1	power	2.10249	64.563	4.40064	0.971006	7.50165	0.119584	1.96664	-2.26847	-0.50,0.74	0.09,3.84	-12.08,7.54	0.976094	0.970118	0.491173	163.323	6.48598	2	8.05482	11.907	1.69846	10.2562	81.3342	968.45	25869.4
LJP009_A375_24H_X1_B20:H23	1	power	1.90383	62.289	4.83791	0.972194	7.58361	0.0755218	2.10049	-0.727297	-0.25,0.40	0.54,3.66	-7.16,5.70	0.980128	0.975159	0.447825	197.284	6.80699	2	8.17004	10.7335	1.76767	12.3247	97.2854	1044.21	21776
LJP009_A375_24H_X1_B20:H24	1	power	1.79445	60.8702	4.97714	0.97615	7.88423	0.0576689	2.18958	0.259583	-0.15,0.27	0.86,3.52	-4.36,4.88	0.985279	0.981599	0.385434	267.722	7.32826	4	8.45416	10.4238	1.8115	16.7212	116.493	1214.3	25873.4
LJP009_A375_24H_X1_B20:I01	1	power	1.91703	62.4516	4.66307	0.983829	8.64497	0.104788	1.98507	-1.18882	-0.25,0.46	0.75,3.22	-6.86,4.48	0.989143	0.986429	0.331	364.442	7.85724	2	8.11688	9.2674	1.67206	13.9054	91.6821	849.655	21936.4
LJP009_A375_24H_X1_B20:I02	1	power	2.04418	63.9324	4.56548	0.962298	6.98676	0.0815575	2.10047	-1.31382	-0.36,0.52	0.12,4.08	-10.06,7.44	0.969809	0.962262	0.551974	128.491	6.08051	3	7.98302	10.4181	1.65232	10.6323	81.7013	851.175	27352.1
LJP009_A375_24H_X1_B20:I03	1	power	1.98257	63.2338	4.76161	0.959166	6.83023	0.203657	1.76039	-2.64549	-0.96,1.37	-0.27,3.79	-14.94,9.65	0.963322	0.954153	0.608393	105.058	5.74238	3	8.21624	13.0525	1.86665	10.5044	78.2551	1021.43	22657.8
LJP009_A375_24H_X1_B20:I04	1	power	1.95082	62.8602	4.74776	0.972461	7.60253	0.293195	1.6338	-2.87138	-1.10,1.69	-0.04,3.31	-14.03,8.29	0.975244	0.969055	0.499831	157.577	6.42528	2	8.05549	11.1245	1.79179	11.6272	75.7019	842.143	23831.7
LJP009_A375_24H_X1_B20:I05	1	power	1.85728	61.701	4.96555	0.97118	7.51339	0.106088	1.98254	-0.670366	-0.33,0.55	0.46,3.50	-7.25,5.91	0.97835	0.972938	0.467424	180.758	6.65817	2	8.0549	10.3758	1.8106	12.5199	83.6896	868.344	21975.3
LJP009_A375_24H_X1_B20:I06	1	power	1.87316	61.9041	4.94979	0.97116	7.51203	0.176879	1.78957	-1.91321	-0.64,0.99	0.16,3.42	-10.93,7.10	0.975715	0.969644	0.49505	160.713	6.45867	1	8.14182	10.229	1.78924	11.7263	87.2061	892.031	20409.5
LJP009_A375_24H_X1_B20:I07	1	power	1.94662	62.81	4.7327	0.973456	7.67462	0.182433	1.80242	-1.86314	-0.63,1.00	0.20,3.40	-10.63,6.91	0.977848	0.972311	0.472808	176.574	6.61838	3	8.0013	9.6308	1.68652	10.9265	82.7813	797.251	21453.7
LJP009_A375_24H_X1_B20:I08	1	power	1.95304	62.8865	4.71283	0.960033	6.87234	0.0146998	2.7161	0.792639	-0.05,0.08	1.00,4.43	-3.67,5.25	0.977937	0.972421	0.471863	177.298	6.62534	6	7.93649	11.0166	1.74422	11.8833	78.393	863.627	32769.1
LJP009_A375_24H_X1_B20:I09	1	power	1.95192	62.8732	4.68274	0.982972	8.54395	0.55365	1.40993	-4.75893	-1.76,2.87	-0.01,2.83	-17.67,8.15	0.984002	0.980003	0.4018	246.037	7.18378	1	8.1153	10.3945	1.73593	11.6812	85.028	883.827	20478.1
LJP009_A375_24H_X1_B20:I10	1	power	1.99546	63.3828	4.6248	0.970584	7.47329	0.40967	1.52478	-3.81598	-1.71,2.53	-0.28,3.33	-17.87,10.24	0.97242	0.965525	0.52757	141.032	6.23762	2	8.06642	11.7679	1.78862	10.5514	79.5168	935.747	24221.1
LJP009_A375_24H_X1_B20:I11	1	power	1.95772	62.9421	4.70201	0.951264	6.48304	0.022227	2.58078	0.66326	-0.10,0.14	0.58,4.58	-4.90,6.23	0.96754	0.959425	0.572345	119.228	5.9546	6	7.79562	10.8875	1.7602	12.0014	69.8367	760.344	32769.1
LJP009_A375_24H_X1_B20:I12	1	power	1.98846	63.3021	4.65189	0.974321	7.73948	0.258973	1.6818	-2.87834	-0.94,1.46	0.04,3.32	-13.52,7.77	0.977391	0.971739	0.477664	172.921	6.58288	2	8.09297	10.4735	1.71078	11.5875	81.6028	854.669	25426
LJP009_A375_24H_X1_B20:I13	1	power	1.99191	63.3419	4.67887	0.967917	7.30322	0.21513	1.74917	-2.44955	-0.87,1.30	-0.05,3.55	-13.26,8.36	0.971836	0.964795	0.533123	138.027	6.20124	5	8.04831	11.9579	1.79603	10.1237	83.3238	996.375	30821.1
LJP009_A375_24H_X1_B20:I14	1	power	1.79186	60.835	5.13111	0.974406	7.74601	0.303143	1.59503	-2.09495	-0.97,1.57	0.12,3.07	-11.41,7.22	0.977289	0.971611	0.478744	172.124	6.57503	1	8.07976	8.54293	1.72629	14.0324	95.5025	815.871	18130.5
LJP009_A375_24H_X1_B20:I15	1	power	1.90788	62.339	4.81625	0.979214	8.15349	0.335298	1.58001	-2.88079	-1.03,1.70	0.16,3.00	-12.73,6.97	0.981596	0.976995	0.430958	213.347	6.94038	3	8.20208	11.2049	1.81968	11.492	94.3703	1057.41	27692.4
LJP009_A375_24H_X1_B20:I16	1	power	1.93623	62.6852	4.76718	0.979537	8.18417	0.68925	1.33599	-5.02554	-2.33,3.71	-0.14,2.81	-19.54,9.49	0.980332	0.975415	0.445517	199.374	6.82494	2	8.19796	10.6835	1.76458	10.9911	94.3771	1008.28	24056.9
LJP009_A375_24H_X1_B20:I17	1	power	1.92654	62.5677	4.80004	0.978764	8.11159	0.713848	1.32157	-5.2305	-2.53,3.96	-0.20,2.84	-20.57,10.11	0.979477	0.974347	0.455092	190.907	6.75107	1	8.2617	11.6393	1.8403	11.3255	84.7032	985.885	18042.7
LJP009_A375_24H_X1_B20:I18	1	power	1.95945	62.9627	4.81174	0.951002	6.47251	0.0819603	2.09105	-0.870475	-0.39,0.56	-0.03,4.21	-9.79,8.05	0.959712	0.949639	0.637636	95.2841	5.57928	4	8.11607	10.9567	1.73923	10.6184	87.7931	961.926	27401.2
LJP009_A375_24H_X1_B20:I19	1	power	1.7539	60.3101	5.19176	0.976857	7.94317	0.145093	1.83864	-1.01117	-0.41,0.70	0.48,3.19	-7.61,5.59	0.982185	0.977731	0.424007	220.532	6.99687	1	8.36602	9.62531	1.84204	15.8709	100.977	971.935	14061.4
LJP009_A375_24H_X1_B20:I20	1	power	2.22454	65.7946	4.27435	0.952041	6.51459	0.158025	1.89006	-3.21612	-0.93,1.24	-0.56,4.34	-17.82,11.39	0.956682	0.945853	0.661174	88.3408	5.45334	5	7.96214	10.2543	1.51259	9.01327	81.7502	838.294	30739.6
LJP009_A375_24H_X1_B20:I21	1	power	1.90328	62.2822	4.79853	0.981304	8.36097	0.23843	1.68685	-2.74395	-0.71,1.19	0.30,3.08	-11.64,6.15	0.984278	0.980347	0.39833	250.413	7.21392	1	8.24974	11.3824	1.83929	12.0411	88.9541	1012.51	17368.9
LJP009_A375_24H_X1_B20:I22	1	power	1.71668	59.7784	5.25451	0.978349	8.07365	0.099202	1.96687	-0.331823	-0.24,0.44	0.72,3.21	-5.54,4.87	0.98524	0.98155	0.385949	266.997	7.32362	1	8.37281	9.2105	1.83319	16.5121	105.256	969.458	13452.1
LJP009_A375_24H_X1_B20:I23	1	power	2.30311	66.5297	4.08384	0.947918	6.35265	0.0191143	2.68098	-0.439353	-0.11,0.15	0.14,5.22	-8.39,7.51	0.961881	0.952351	0.620233	100.934	5.67542	15	7.93435	11.7557	1.52428	8.98202	79.7165	937.127	32789.6
LJP009_A375_24H_X1_B20:I24	1	power	1.79419	60.8667	4.94973	0.973781	7.69875	0.108517	1.94661	-0.832834	-0.34,0.55	0.48,3.42	-7.48,5.82	0.980273	0.975341	0.446183	198.767	6.81975	1	8.09154	8.43986	1.71189	11.7196	94.4341	797.011	13418
LJP009_A375_24H_X1_B20:J01	1	power	1.9086	62.348	4.56915	0.979429	8.17387	0.0207581	2.60176	1.02773	-0.04,0.08	1.54,3.66	-1.72,3.78	0.992542	0.990677	0.274347	532.321	8.50946	10	8.32384	9.57319	1.62577	17.6902	115.49	1105.61	32778.2
LJP009_A375_24H_X1_B20:J02	1	power	1.95217	62.8762	4.64467	0.981652	8.39783	0.174456	1.81164	-2.07622	-0.50,0.85	0.43,3.19	-9.77,5.62	0.985533	0.981916	0.382096	272.491	7.35848	2	8.31926	8.84836	1.61234	12.4854	93.7243	829.307	18325.1
LJP009_A375_24H_X1_B20:J03	1	power	1.91051	62.3715	4.75586	0.980787	8.30762	0.167945	1.81887	-1.7902	-0.47,0.81	0.46,3.18	-9.10,5.52	0.985036	0.981295	0.3886	263.313	7.29984	2	8.19709	9.75222	1.72021	11.6412	89.4341	872.181	16209.3
LJP009_A375_24H_X1_B20:J04	1	power	1.95615	62.9235	4.59803	0.981247	8.35499	0.160057	1.84039	-2.02921	-0.48,0.80	0.42,3.26	-9.77,5.72	0.985251	0.981563	0.385807	267.197	7.3249	1	8.05336	8.71	1.6113	11.8082	83.1392	724.143	17524.6
LJP009_A375_24H_X1_B20:J05	1	power	1.85029	61.6107	4.93668	0.980527	8.28127	0.780676	1.27692	-5.29149	-2.65,4.21	-0.18,2.73	-20.57,9.98	0.981055	0.976318	0.437254	207.133	6.88999	1	8.29852	8.51133	1.67263	13.4303	97.8059	832.458	11591
LJP009_A375_24H_X1_B20:J06	1	power	1.95723	62.9363	4.68714	0.980898	8.31896	1.20303	1.15439	-7.36179	-4.41,6.81	-0.35,2.66	-27.64,12.92	0.981051	0.976314	0.437294	207.095	6.88968	1	8.29222	12.0646	1.83773	11.2226	84.1723	1015.5	20870.3
LJP009_A375_24H_X1_B20:J07	1	power	2.09889	64.5249	4.27547	0.972558	7.60942	0.196405	1.79468	-2.91224	-0.85,1.24	-0.10,3.69	-14.54,8.71	0.975815	0.969768	0.494037	161.389	6.46578	3	7.84685	10.2718	1.61898	10.9036	75.5656	776.193	20653.8
LJP009_A375_24H_X1_B20:J08	1	power	1.9712	63.1011	4.6698	0.97421	7.73109	0.281467	1.64554	-3.16641	-1.08,1.65	-0.05,3.34	-14.74,8.40	0.976842	0.971052	0.48343	168.726	6.54119	2	8.19235	10.4097	1.72004	10.7163	84.7294	882.009	25173.7
LJP009_A375_24H_X1_B20:J09	1	power	2.0541	64.0417	4.5453	0.972202	7.58415	0.804794	1.30266	-6.31781	-3.59,5.20	-0.52,3.12	-26.53,13.90	0.972797	0.965996	0.523952	143.043	6.26153	2	8.32973	11.1919	1.70047	9.83198	83.4212	933.645	25689.8
LJP009_A375_24H_X1_B20:J10	1	power	1.92289	62.5233	4.71645	0.981799	8.41354	0.176414	1.80186	-1.99904	-0.49,0.84	0.46,3.14	-9.44,5.44	0.985759	0.982199	0.379095	276.886	7.38588	1	8.14804	10.8228	1.79525	11.8123	79.9215	864.977	19150.3
LJP009_A375_24H_X1_B20:J11	1	power	1.91494	62.426	4.74865	0.983401	8.59392	0.606509	1.37361	-4.74134	-1.84,3.06	0.01,2.74	-17.48,7.99	0.984301	0.980377	0.398029	250.798	7.21654	1	8.27271	11.1824	1.81979	13.2032	89.2506	998.039	17497.3
LJP009_A375_24H_X1_B20:J12	1	power	1.9223	62.5161	4.79001	0.972821	7.62825	0.173188	1.81589	-1.71831	-0.59,0.94	0.23,3.40	-10.19,6.75	0.977504	0.97188	0.476471	173.808	6.59157	2	7.93694	10.1164	1.74771	11.5812	77.8829	787.898	23519.6
LJP009_A375_24H_X1_B20:J13	1	power	1.77879	60.6561	5.03936	0.981293	8.35988	0.0920711	2.01043	-0.350873	-0.20,0.38	0.87,3.15	-5.03,4.33	0.988366	0.985458	0.342644	339.825	7.73711	1	8.20381	9.71253	1.82863	14.7545	92.6253	899.626	19169.7
LJP009_A375_24H_X1_B20:J14	1	power	1.86169	61.7577	4.91553	0.977825	8.02682	0.157501	1.83857	-1.31044	-0.44,0.76	0.47,3.21	-8.23,5.61	0.982832	0.97854	0.416235	228.995	7.06115	1	8.1158	10.0243	1.7831	13.0515	87.3603	875.727	18276.7
LJP009_A375_24H_X1_B20:J15	1	power	1.96001	62.9692	4.62728	0.984806	8.76697	0.530683	1.42226	-4.99551	-1.66,2.72	0.03,2.81	-17.79,7.80	0.985806	0.982258	0.378471	277.812	7.3916	1	8.16848	11.5747	1.80683	11.1733	83.7861	969.799	18364.7
LJP009_A375_24H_X1_B20:J16	1	power	2.00531	63.4957	4.65208	0.970111	7.44203	0.161778	1.84647	-2.27124	-0.64,0.97	0.07,3.62	-12.15,7.61	0.974702	0.968377	0.505273	154.115	6.38765	2	8.22802	11.9512	1.7809	10.8307	82.2283	982.727	22272.3
LJP009_A375_24H_X1_B20:J17	1	power	1.87511	61.9289	4.87282	0.976377	7.90301	0.114822	1.9499	-1.02267	-0.34,0.57	0.53,3.37	-7.56,5.51	0.982533	0.978166	0.419853	224.998	7.03108	1	8.03525	10.2318	1.79039	11.8542	82.9673	848.903	17515.5
LJP009_A375_24H_X1_B20:J18	1	power	1.73259	60.0077	5.11261	0.981981	8.43318	0.0789995	2.05375	-0.0521603	-0.17,0.33	0.90,3.21	-4.49,4.39	0.988936	0.98617	0.334151	357.527	7.82432	1	8.27069	9.14512	1.81946	17.5877	98.0462	896.644	14147.1
LJP009_A375_24H_X1_B20:J19	1	power	1.74207	60.1428	5.19484	0.982019	8.43731	0.122864	1.89668	-0.67121	-0.27,0.51	0.76,3.03	-5.82,4.47	0.987894	0.984867	0.349534	326.404	7.66794	1	8.12103	9.55816	1.8699	13.2922	86.1425	823.364	13154.7
LJP009_A375_24H_X1_B20:J20	1	power	1.79535	60.8824	5.16076	0.964566	7.10845	0.0668894	2.1314	-0.0375551	-0.22,0.35	0.56,3.71	-5.91,5.84	0.975004	0.968755	0.502251	156.023	6.40849	1	8.0478	10.0053	1.84038	11.7714	83.1149	831.592	22458.3
LJP009_A375_24H_X1_B20:J21	1	power	1.99182	63.3409	4.61875	0.98132	8.36266	0.537635	1.42471	-5.07706	-1.89,2.96	-0.10,2.95	-19.17,9.01	0.982381	0.977976	0.421669	223.029	7.01609	1	8.19468	10.4088	1.69724	11.1833	92.7052	964.95	17971.5
LJP009_A375_24H_X1_B20:J22	1	power	1.70201	59.564	5.1924	0.985186	8.81655	0.0799958	2.03796	-0.0548986	-0.13,0.29	1.09,2.99	-3.76,3.65	0.992192	0.990239	0.280714	508.267	8.42975	1	8.25349	8.18348	1.76034	17.4162	103.579	847.635	13589.7
LJP009_A375_24H_X1_B20:J23	1	power	1.77314	60.5783	5.01056	0.977197	7.97217	0.0392869	2.32537	0.701594	-0.08,0.16	1.17,3.48	-2.85,4.26	0.988706	0.985882	0.337603	350.17	7.78861	2	8.19378	9.46858	1.78364	14.8907	99.7549	944.537	22939.5
LJP009_A375_24H_X1_B20:J24	1	power	1.92372	62.5334	4.79623	0.967825	7.29759	0.0449212	2.28932	-0.268947	-0.16,0.25	0.64,3.94	-6.17,5.63	0.978423	0.973029	0.466633	181.385	6.66406	1	8.03825	11.202	1.79708	11.2631	81.6249	914.364	17138
LJP009_A375_24H_X1_B20:K01	1	power	1.6897	59.3821	5.36287	0.974717	7.76994	0.0967929	1.97677	-0.0432481	-0.25,0.44	0.68,3.28	-5.26,5.17	0.982414	0.978017	0.42128	223.449	7.0193	1	8.30807	9.09646	1.85616	16.4105	100.028	909.899	12543.7
LJP009_A375_24H_X1_B20:K02	1	power	1.85581	61.6821	4.99677	0.963972	7.07584	0.0667192	2.14125	-0.323946	-0.24,0.38	0.45,3.83	-6.83,6.18	0.973603	0.967003	0.516134	147.531	6.31376	1	7.94211	9.35091	1.74037	12.0814	79.8584	746.748	18464.8
LJP009_A375_24H_X1_B20:K03	1	power	1.86905	61.8518	4.96742	0.968811	7.3586	0.118672	1.93461	-1.15847	-0.43,0.67	0.27,3.60	-8.98,6.66	0.975067	0.968834	0.50161	156.433	6.41293	1	8.16126	9.96809	1.77391	11.8947	83.036	827.71	15024.7
LJP009_A375_24H_X1_B20:K04	1	power	1.87414	61.9166	4.81762	0.983471	8.60212	0.183462	1.77725	-1.94572	-0.47,0.84	0.52,3.04	-8.99,5.10	0.987195	0.983994	0.359473	308.387	7.57053	1	8.14296	9.74294	1.75393	12.1255	88.1981	859.309	17932.6
LJP009_A375_24H_X1_B20:K05	1	power	1.8983	62.2203	4.83181	0.980126	8.24138	0.256862	1.6639	-2.67914	-0.77,1.29	0.26,3.07	-11.71,6.36	0.983086	0.978857	0.413151	232.487	7.08699	1	8.12702	11.056	1.83139	11.3004	81.9571	906.116	14927.4
LJP009_A375_24H_X1_B20:K06	1	power	1.975	63.1456	4.63614	0.967273	7.26427	0.065058	2.18828	-0.358335	-0.23,0.36	0.48,3.90	-6.83,6.11	0.976298	0.970372	0.489076	164.761	6.50085	6	7.89955	11.6926	1.80248	11.3846	71.882	840.49	32769.1
LJP009_A375_24H_X1_B20:K07	1	power	1.95089	62.8609	4.72366	0.96479	7.12085	0.0363606	2.39681	0.267401	-0.12,0.20	0.73,4.06	-5.00,5.53	0.977479	0.971849	0.476729	173.616	6.58969	3	7.88268	9.49784	1.66318	12.264	77.8142	739.067	20393.1
LJP009_A375_24H_X1_B20:K08	1	power	2.11974	64.7442	4.38243	0.953958	6.59467	0.0889376	2.09221	-1.48189	-0.47,0.65	-0.22,4.41	-11.91,8.95	0.960918	0.951148	0.628013	98.3501	5.63211	4	7.98414	9.94924	1.57055	11.048	76.4127	760.249	27655.4
LJP009_A375_24H_X1_B20:K09	1	power	2.21716	65.7233	4.21304	0.94307	6.17782	0.110985	2.02108	-2.31663	-0.74,0.96	-0.77,4.82	-16.65,12.01	0.94862	0.935775	0.72008	73.8509	5.15681	7	8.30886	11.9658	1.60526	9.30058	86.6698	1037.07	32771.4
LJP009_A375_24H_X1_B20:K10	1	power	2.03424	63.822	4.52963	0.955536	6.66313	0.0219542	2.58766	0.306023	-0.10,0.14	0.56,4.62	-5.64,6.25	0.970265	0.962831	0.547798	130.519	6.1069	6	7.95333	10.322	1.64803	11.4723	76.9073	793.838	32769.1
LJP009_A375_24H_X1_B20:K11	1	power	1.94441	62.7835	4.83631	0.952468	6.53218	0.0728683	2.12949	-0.699337	-0.33,0.48	0.08,4.18	-8.99,7.59	0.961887	0.952359	0.620178	100.952	5.67573	3	7.99681	10.8847	1.77375	11.132	73.9193	804.586	25271.4
LJP009_A375_24H_X1_B20:K12	1	power	1.96341	63.0095	4.69151	0.976382	7.90342	0.234924	1.71732	-2.31388	-0.77,1.24	0.19,3.25	-11.51,6.88	0.979865	0.974832	0.450769	194.663	6.78423	3	8.14181	12.0958	1.82679	11.3748	84.9698	1027.78	28832.2
LJP009_A375_24H_X1_B20:K13	1	power	2.06654	64.1777	4.4655	0.975301	7.81573	1.9749	1.01424	-9.94372	-8.98,12.93	-0.73,2.76	-41.11,21.22	0.975302	0.969128	0.499241	157.959	6.42938	5	8.27635	14.978	1.88968	10.3231	78.5258	1176.16	30147.8
LJP009_A375_24H_X1_B20:K14	1	power	2.01548	63.6113	4.52543	0.97347	7.67562	0.316532	1.61927	-3.23643	-1.27,1.90	-0.15,3.38	-15.54,9.06	0.975806	0.969757	0.494129	161.327	6.46514	5	8.28465	10.9329	1.70903	10.3548	91.0469	995.409	32679.6
LJP009_A375_24H_X1_B20:K15	1	power	1.87369	61.9109	4.90299	0.978039	8.04583	0.331862	1.57526	-2.83753	-1.04,1.71	0.13,3.02	-12.81,7.13	0.98045	0.975562	0.44418	200.601	6.83539	1	8.21186	10.2437	1.78565	12.8369	95.7692	981.031	17891.4
LJP009_A375_24H_X1_B20:K16	1	power	2.1221	64.7687	4.39812	0.972654	7.61629	0.629577	1.39948	-5.49186	-2.71,3.97	-0.42,3.21	-23.14,12.16	0.973667	0.967084	0.515502	147.903	6.31802	3	8.17965	14.9616	1.84234	9.81908	74.9493	1121.36	30583.4
LJP009_A375_24H_X1_B20:K17	1	power	1.88072	61.9999	4.86613	0.979527	8.18328	0.202364	1.74465	-2.12105	-0.60,1.00	0.35,3.14	-10.24,5.99	0.983247	0.979059	0.411171	234.77	7.10368	1	8.12274	8.90856	1.67947	12.5824	92.0948	820.431	12348.3
LJP009_A375_24H_X1_B20:K18	1	power	1.76906	60.5218	5.01927	0.989537	9.49688	0.476611	1.42726	-3.43449	-0.98,1.93	0.39,2.46	-11.77,4.90	0.990707	0.988384	0.306234	426.447	8.12744	1	8.34833	8.37486	1.73905	17.0458	93.8779	786.215	10357.7
LJP009_A375_24H_X1_B20:K19	1	power	1.63409	58.5349	5.50835	0.962501	6.99735	0.0269889	2.44255	1.49689	-0.07,0.13	1.05,3.83	-2.06,5.05	0.979658	0.974573	0.453082	192.64	6.76645	1	8.28978	8.32129	1.79653	16.9574	103.555	861.713	12726
LJP009_A375_24H_X1_B20:K20	1	power	1.71691	59.7817	5.24549	0.98215	8.45163	0.215887	1.69243	-1.4355	-0.52,0.95	0.49,2.90	-8.12,5.25	0.985736	0.98217	0.379409	276.421	7.383	1	8.42504	8.5736	1.79166	16.6407	106.277	911.176	13363.1
LJP009_A375_24H_X1_B20:K21	1	power	2.10457	64.585	4.47735	0.952617	6.53831	0.0670086	2.17999	-1.35391	-0.36,0.49	-0.13,4.49	-11.21,8.50	0.960991	0.951239	0.627428	98.5411	5.63535	6	8.10959	13.2062	1.75051	9.89427	79.8934	1055.09	32769.1
LJP009_A375_24H_X1_B20:K22	1	power	2.06176	64.1256	4.53551	0.952573	6.53649	0.0332656	2.43936	-0.19802	-0.16,0.22	0.29,4.59	-7.32,6.92	0.965259	0.956574	0.592108	111.139	5.83666	5	7.9419	11.4063	1.68454	10.7285	78.6475	897.076	31344.3
LJP009_A375_24H_X1_B20:K23	1	power	1.99016	63.3217	4.72	0.96343	7.04654	0.103513	1.99845	-1.65375	-0.45,0.66	0.07,3.93	-10.94,7.64	0.969943	0.962429	0.550747	129.083	6.08824	1	8.13469	9.75306	1.64697	10.3999	86.5345	843.976	23777.1
LJP009_A375_24H_X1_B20:K24	1	power	1.7444	60.1759	5.136	0.978685	8.10429	0.0846572	2.02728	-0.287307	-0.21,0.38	0.77,3.29	-5.38,4.80	0.985857	0.982321	0.377794	278.823	7.39782	1	8.26254	8.82639	1.76849	16.9099	106.877	943.342	14626.4
LJP009_A375_24H_X1_B20:L01	1	power	2.00649	63.5092	4.57935	0.973683	7.69145	0.0734818	2.12922	-1.05995	-0.25,0.40	0.52,3.74	-7.90,5.78	0.981061	0.976326	0.437186	207.199	6.89053	3	8.07569	9.73343	1.62662	11.7948	90.4584	880.47	21922.1
LJP009_A375_24H_X1_B20:L02	1	power	1.88894	62.1034	4.87993	0.972089	7.57621	0.146821	1.86476	-1.45734	-0.51,0.80	0.26,3.47	-9.57,6.65	0.9773	0.971624	0.47863	172.208	6.57586	2	8.22181	9.73663	1.72054	13.06	99.272	966.574	23224.3
LJP009_A375_24H_X1_B20:L03	1	power	1.91436	62.4189	4.75044	0.96648	7.21732	0.0328619	2.42384	0.45106	-0.10,0.17	0.86,3.99	-4.34,5.24	0.9798	0.97475	0.4515	194.02	6.7786	3	7.84744	10.5203	1.78532	12.7328	70.6468	743.224	28888.8
LJP009_A375_24H_X1_B20:L04	1	power	1.84378	61.5262	4.96918	0.978079	8.04937	0.200466	1.74603	-1.7523	-0.58,0.98	0.36,3.13	-9.47,5.97	0.982134	0.977667	0.424616	219.888	6.99189	1	8.21567	10.3466	1.81872	12.8718	93.4214	966.595	19009
LJP009_A375_24H_X1_B20:L05	1	power	1.72014	59.8285	5.33834	0.976629	7.92395	0.747109	1.27063	-4.00093	-2.39,3.88	-0.13,2.67	-17.30,9.30	0.977282	0.971603	0.47881	172.076	6.57456	1	8.46992	9.64858	1.89509	15.797	108.924	1050.96	12874.9
LJP009_A375_24H_X1_B20:L06	1	power	1.65083	58.7944	5.38572	0.985014	8.79399	0.140933	1.83409	-0.328158	-0.24,0.52	0.86,2.81	-4.71,4.05	0.990333	0.987917	0.312333	409.8	8.05892	1	8.25264	8.35152	1.84594	17.1978	97.6548	815.566	11105.9
LJP009_A375_24H_X1_B20:L07	1	power	2.01429	63.5978	4.49128	0.984091	8.67695	2.58311	0.923733	-11.7002	-9.71,14.88	-0.52,2.36	-42.81,19.41	0.984124	0.980155	0.400268	247.955	7.19705	2	8.28331	10.271	1.66645	10.3317	88.4632	908.61	17887.4
LJP009_A375_24H_X1_B20:L08	1	power	1.95829	62.9489	4.81631	0.955236	6.64995	0.262113	1.67022	-2.90043	-1.31,1.83	-0.44,3.78	-16.70,10.90	0.958602	0.948252	0.646359	92.6223	5.53207	3	7.97949	9.48998	1.67495	9.89508	74.4012	706.066	15764.5
LJP009_A375_24H_X1_B20:L09	1	power	2.10737	64.6145	4.38181	0.955844	6.67678	0.11547	1.9904	-1.89842	-0.59,0.83	-0.24,4.22	-13.05,9.25	0.961823	0.952278	0.620706	100.774	5.67277	5	7.7659	11.405	1.70079	9.7453	61.6402	703.009	24627.6
LJP009_A375_24H_X1_B20:L10	1	power	1.88008	61.9918	4.98339	0.968884	7.3632	0.302558	1.60495	-2.88613	-1.17,1.78	-0.10,3.31	-14.47,8.70	0.971741	0.964676	0.534027	137.546	6.19535	1	8.03427	10.5698	1.82033	10.8106	77.6739	820.998	15547.9
LJP009_A375_24H_X1_B20:L11	1	power	1.99971	63.4316	4.62902	0.972223	7.58561	0.253118	1.6966	-2.6351	-0.96,1.46	-0.00,3.40	-13.34,8.07	0.97549	0.969363	0.497338	159.201	6.44265	5	8.0895	11.4596	1.76201	10.5553	82.2607	942.674	30494.4
LJP009_A375_24H_X1_B20:L12	1	power	1.97686	63.1673	4.66908	0.973641	7.68832	0.250398	1.6872	-2.98923	-0.98,1.48	-0.03,3.41	-14.22,8.24	0.976575	0.970719	0.486204	166.761	6.52131	1	8.22263	10.387	1.71027	11.4537	85.4111	887.163	18695.3
LJP009_A375_24H_X1_B20:L13	1	power	1.88732	62.0831	4.92094	0.975787	7.85465	0.550296	1.40261	-4.23162	-1.95,3.05	-0.14,2.95	-17.78,9.32	0.977017	0.971271	0.481599	170.042	6.55438	1	8.2548	10.4805	1.79694	12.2674	90.4896	948.372	17454.6
LJP009_A375_24H_X1_B20:L14	1	power	1.84692	61.567	4.94275	0.98341	8.59499	0.549192	1.39662	-3.94904	-1.55,2.65	0.10,2.70	-15.13,7.24	0.984515	0.980643	0.395316	254.307	7.24031	1	8.32324	11.6365	1.91602	12.3491	89.3181	1039.35	20251.8
LJP009_A375_24H_X1_B20:L15	1	power	1.76305	60.4382	5.11568	0.982272	8.46509	0.17526	1.77632	-1.23392	-0.41,0.76	0.59,2.97	-7.39,4.92	0.98664	0.9833	0.367186	295.401	7.49677	2	8.45242	9.96687	1.86457	15.0084	99.335	990.059	19869.7
LJP009_A375_24H_X1_B20:L16	1	power	1.95045	62.8557	4.733	0.972631	7.6146	0.788154	1.29457	-5.4141	-3.28,4.85	-0.44,3.03	-23.46,12.63	0.973232	0.96654	0.519747	145.431	6.28952	1	8.39613	10.5976	1.74491	13.1775	94.3248	999.621	11026
LJP009_A375_24H_X1_B20:L17	1	power	1.86606	61.8137	4.86542	0.982889	8.53443	0.2229	1.70662	-2.29102	-0.60,1.05	0.41,3.00	-10.13,5.55	0.986076	0.982595	0.374855	283.275	7.42495	1	8.26384	10.9135	1.84236	12.8527	90.924	992.298	17438.9
LJP009_A375_24H_X1_B20:L18	1	power	2.05996	64.106	4.44085	0.960677	6.9042	0.123469	1.96521	-1.60731	-0.60,0.84	-0.16,4.09	-11.99,8.77	0.966263	0.957828	0.583496	114.563	5.88756	9	8.13385	13.0622	1.78933	10.6884	81.7282	1067.55	32776
LJP009_A375_24H_X1_B20:L19	1	power	1.71854	59.8054	5.06911	0.992447	10.1343	0.211351	1.69681	-1.5048	-0.23,0.65	0.97,2.42	-5.57,2.56	0.995495	0.994368	0.213232	883.812	9.38504	1	8.34328	9.03646	1.84221	17.4308	99.6562	900.539	10406.6
LJP009_A375_24H_X1_B20:L20	1	power	1.97618	63.1594	4.59758	0.981391	8.37017	0.188591	1.77739	-2.79544	-0.60,0.98	0.32,3.24	-11.71,6.12	0.98473	0.980912	0.392557	257.951	7.26464	1	8.12759	11.3904	1.77889	12.3242	82.8241	943.401	17876.5
LJP009_A375_24H_X1_B20:L21	1	power	1.80407	61.0003	5.11211	0.97379	7.69944	0.23954	1.67473	-1.95518	-0.78,1.26	0.18,3.17	-10.84,6.93	0.977402	0.971753	0.477547	173.008	6.58373	1	8.30062	10.4037	1.86302	13.6054	94.0103	978.053	17083.7
LJP009_A375_24H_X1_B20:L22	1	power	1.7109	59.6943	5.23221	0.975177	7.80593	0.0611948	2.14112	0.280043	-0.16,0.28	0.83,3.45	-4.35,4.91	0.984295	0.980369	0.398106	250.699	7.21587	1	8.23941	8.97486	1.81619	17.15	99.9363	896.915	14650.7
LJP009_A375_24H_X1_B20:L23	1	power	1.99033	63.3237	4.72386	0.956245	6.69468	0.128752	1.92235	-1.91912	-0.63,0.88	-0.18,4.02	-12.79,8.95	0.962154	0.952692	0.618008	101.691	5.68791	2	8.17324	10.7531	1.71778	10.2551	85.045	914.497	24332.2
LJP009_A375_24H_X1_B20:L24	1	power	1.93813	62.7081	4.85595	0.943753	6.20153	0.0212091	2.57416	0.456275	-0.10,0.14	0.40,4.75	-5.80,6.71	0.960864	0.951079	0.628454	98.2064	5.62967	4	8.06167	12.9105	1.86195	11.0165	77.3639	998.804	27131.4
LJP009_A375_24H_X1_B20:M01	1	power	1.73811	60.0865	5.05982	0.987825	9.20048	0.0961967	1.97822	-0.439106	-0.14,0.33	1.11,2.85	-4.13,3.25	0.993736	0.99217	0.251432	634.533	8.81249	1	8.33876	8.15182	1.72765	17.2375	102.719	837.347	9792.04
LJP009_A375_24H_X1_B20:M02	1	power	1.89944	62.2345	4.80913	0.970276	7.45286	0.030068	2.43439	0.290099	-0.09,0.15	0.95,3.92	-4.34,4.92	0.983031	0.978788	0.413823	231.72	7.08134	2	7.96188	9.49675	1.71135	12.5777	78.7488	747.858	17823.6
LJP009_A375_24H_X1_B20:M03	1	power	1.89931	62.2329	4.77081	0.984846	8.77213	0.377962	1.53241	-3.3721	-1.01,1.76	0.26,2.80	-12.84,6.10	0.98665	0.983312	0.367052	295.619	7.49804	2	8.2245	10.1139	1.75991	11.6652	90.7376	917.714	19146.7
LJP009_A375_24H_X1_B20:M04	1	power	1.88332	62.0328	4.8545	0.982808	8.52512	0.408034	1.50652	-3.26063	-1.13,1.95	0.20,2.82	-13.08,6.56	0.984589	0.980736	0.394366	255.554	7.24867	2	8.24873	10.8742	1.82338	12.308	94.6004	1028.7	23889.9
LJP009_A375_24H_X1_B20:M05	1	power	1.78372	60.7239	5.00523	0.981252	8.35553	0.288892	1.60027	-2.45201	-0.80,1.38	0.30,2.91	-11.00,6.10	0.983884	0.979855	0.403282	244.203	7.17099	1	8.25884	9.89972	1.85405	12.7375	92.0828	911.594	13140
LJP009_A375_24H_X1_B20:M06	1	power	1.82127	61.2303	5.03722	0.973357	7.66729	0.111603	1.95028	-0.780491	-0.34,0.56	0.49,3.41	-7.32,5.76	0.979978	0.974973	0.449506	195.781	6.79398	1	8.04666	9.76961	1.80414	12.8524	84.3437	824.004	20931.8
LJP009_A375_24H_X1_B20:M07	1	power	1.89337	62.1588	4.89575	0.976521	7.91496	0.42183	1.48965	-3.93946	-1.51,2.35	-0.07,3.05	-16.53,8.65	0.978208	0.972761	0.46895	179.558	6.64685	1	8.26545	10.7495	1.80892	10.8246	90.7983	976.037	16339.8
LJP009_A375_24H_X1_B20:M08	1	power	1.92992	62.6088	4.81273	0.968321	7.32805	0.155852	1.85417	-1.63239	-0.60,0.91	0.12,3.59	-10.61,7.35	0.973423	0.966779	0.517885	146.508	6.302	3	7.98113	10.8316	1.77224	11.3248	86.7909	940.086	24954.3
LJP009_A375_24H_X1_B20:M09	1	power	1.68709	59.3432	5.3741	0.979036	8.13682	0.135301	1.85269	-0.552714	-0.33,0.60	0.63,3.08	-6.16,5.05	0.984735	0.980919	0.392487	258.045	7.26526	1	8.26702	9.29936	1.89372	16.3173	94.3935	877.799	14520.3
LJP009_A375_24H_X1_B20:M10	1	power	1.86756	61.8328	4.95574	0.976765	7.9354	0.408324	1.49908	-3.51115	-1.38,2.20	-0.01,3.01	-15.14,8.12	0.978606	0.973257	0.464656	182.966	6.67881	1	8.2699	11.3777	1.88111	11.603	83.8126	953.597	18478
LJP009_A375_24H_X1_B20:M11	1	power	1.75703	60.354	5.17522	0.982378	8.47685	0.489185	1.41971	-3.15365	-1.31,2.29	0.16,2.68	-13.05,6.74	0.983765	0.979706	0.404768	242.384	7.15821	1	8.33061	9.52739	1.84862	16.0947	98.0965	934.603	15624.9
LJP009_A375_24H_X1_B20:M12	1	power	1.92782	62.5833	4.85403	0.973604	7.68553	0.94824	1.22808	-6.08966	-3.81,5.71	-0.43,2.88	-25.24,13.07	0.973994	0.967493	0.51229	149.813	6.33973	1	8.2531	11.2599	1.81332	10.7473	88.0653	991.61	17436.8
LJP009_A375_24H_X1_B20:M13	1	power	1.99029	63.3233	4.56641	0.980275	8.25608	1.05328	1.20315	-6.97153	-4.04,6.14	-0.38,2.78	-26.87,12.93	0.980521	0.975652	0.443367	201.352	6.84175	4	8.25212	10.3377	1.69374	9.98856	97.8544	1011.59	20946.4
LJP009_A375_24H_X1_B20:M14	1	power	2.0134	63.5877	4.66857	0.970752	7.4845	0.770356	1.30833	-6.29711	-3.51,5.06	-0.54,3.15	-26.65,14.06	0.971389	0.964236	0.53734	135.806	6.17387	1	8.22451	11.0909	1.72627	10.8856	87.4378	969.76	17354.2
LJP009_A375_24H_X1_B20:M15	1	power	1.89527	62.1826	4.87781	0.970535	7.47002	0.1563	1.83872	-1.75779	-0.57,0.89	0.18,3.50	-10.58,7.06	0.975464	0.96933	0.497609	159.023	6.44076	1	8.21162	10.8029	1.81085	11.7015	83.079	897.492	20505.4
LJP009_A375_24H_X1_B20:M16	1	power	1.70686	59.6352	5.27617	0.981724	8.40545	0.270789	1.61257	-1.73152	-0.68,1.22	0.39,2.84	-9.10,5.63	0.984653	0.980816	0.393547	256.635	7.25589	1	8.51499	8.4096	1.77905	16.5329	118.546	996.922	13853.6
LJP009_A375_24H_X1_B20:M17	1	power	1.70085	59.547	5.21039	0.984872	8.77546	0.105816	1.94314	-0.249429	-0.19,0.40	0.95,2.94	-4.43,3.93	0.990994	0.988742	0.301479	440.13	8.1818	1	8.37986	9.43443	1.87206	17.118	105.517	995.497	15282.2
LJP009_A375_24H_X1_B20:M18	1	power	1.75427	60.3152	5.13628	0.979733	8.20303	0.132134	1.87216	-0.866834	-0.33,0.60	0.61,3.13	-6.80,5.06	0.98518	0.981475	0.386732	265.902	7.31658	1	8.33261	9.22337	1.81227	15.0966	97.8108	902.145	14697.8
LJP009_A375_24H_X1_B20:M19	1	power	1.83588	61.423	4.90486	0.981501	8.38173	0.0908685	2.02268	-0.64087	-0.21,0.39	0.84,3.21	-5.68,4.39	0.988258	0.985322	0.344237	336.652	7.72101	1	8.13601	8.98598	1.71533	13.758	94.5541	849.661	14164
LJP009_A375_24H_X1_B20:M20	1	power	1.88899	62.104	4.83929	0.971302	7.52169	0.041718	2.32658	0.228877	-0.12,0.20	0.87,3.78	-4.55,5.00	0.982691	0.978363	0.417947	227.091	7.04689	3	8.10526	11.0278	1.80956	13.2056	83.4536	920.312	25025.9
LJP009_A375_24H_X1_B20:M21	1	power	1.84592	61.554	4.89777	0.981243	8.3546	0.291714	1.60948	-2.69617	-0.86,1.45	0.23,2.99	-11.89,6.50	0.983714	0.979642	0.405411	241.604	7.1527	1	8.18618	11.0647	1.87951	11.5064	88.1505	975.363	15982.1
LJP009_A375_24H_X1_B20:M22	1	power	1.85253	61.6397	4.89901	0.974371	7.74336	0.0659945	2.13179	-0.553848	-0.21,0.34	0.63,3.63	-6.50,5.39	0.982247	0.977808	0.423275	221.31	7.00288	1	8.29545	10.0071	1.76159	15.2895	99.3387	994.089	19477.3
LJP009_A375_24H_X1_B20:M23	1	power	1.71384	59.7371	5.19973	0.970427	7.46289	0.0219119	2.53091	1.36563	-0.05,0.09	1.29,3.77	-1.76,4.49	0.986478	0.983097	0.369406	291.813	7.47583	2	8.25633	9.41418	1.81388	17.2478	100.526	946.371	19673.4
LJP009_A375_24H_X1_B20:M24	1	power	1.86115	61.7508	5.02878	0.96177	6.95949	0.0710088	2.11526	-0.506168	-0.27,0.42	0.34,3.89	-7.59,6.58	0.971102	0.963878	0.540024	134.42	6.15656	1	8.17118	11.2118	1.85138	11.2269	86.6679	971.703	23199.3
LJP009_A375_24H_X1_B20:N01	1	power	1.60473	58.0706	5.40407	0.989707	9.52904	0.431333	1.4293	-2.26847	-0.70,1.56	0.54,2.32	-8.67,4.13	0.991235	0.989043	0.297417	452.346	8.22894	0	8.33241	7.18297	1.77007	16.5357	113.406	814.592	11459.2
LJP009_A375_24H_X1_B20:N02	1	power	1.62125	58.3334	5.42222	0.980082	8.237	0.0391399	2.2884	1.11742	-0.05,0.13	1.41,3.17	-1.45,3.68	0.992526	0.990657	0.274638	531.185	8.50578	1	8.21407	7.4367	1.7531	17.3264	102.302	760.786	11459.4
LJP009_A375_24H_X1_B20:N03	1	power	1.65318	58.8304	5.40968	0.971925	7.5647	0.0247207	2.46653	1.37828	-0.05,0.10	1.33,3.60	-1.57,4.32	0.987802	0.984752	0.350861	323.911	7.65478	1	8.17744	8.2706	1.78047	17.164	103.308	854.423	15941.1
LJP009_A375_24H_X1_B20:N04	1	power	1.78997	60.8092	5.22372	0.963057	7.02665	0.127478	1.89468	-0.929882	-0.48,0.73	0.19,3.60	-8.90,7.04	0.96977	0.962213	0.55233	128.321	6.07827	1	8.21908	10.6674	1.88355	13.0672	93.6425	998.925	16801.6
LJP009_A375_24H_X1_B20:N05	1	power	1.83315	61.3871	5.07556	0.970662	7.47849	0.286949	1.61918	-2.33472	-1.03,1.60	0.01,3.23	-12.62,7.96	0.973734	0.967167	0.514851	148.287	6.32241	2	8.22403	11.0081	1.87982	11.6008	90.8587	1000.18	19859.1
LJP009_A375_24H_X1_B20:N06	1	power	1.60914	58.141	5.46275	0.987402	9.13363	0.136551	1.83553	-0.120549	-0.18,0.45	1.00,2.67	-3.77,3.53	0.992818	0.991022	0.269219	552.946	8.57501	1	8.26875	7.63597	1.81371	17.1562	102.523	782.864	11286.1
LJP009_A375_24H_X1_B20:N07	1	power	1.82775	61.3161	4.89861	0.985496	8.85792	0.23468	1.6842	-2.07027	-0.53,1.00	0.54,2.83	-8.95,4.81	0.988588	0.985735	0.33936	346.512	7.77057	1	8.0411	8.59591	1.71164	12.7958	85.1565	731.998	12311.6
LJP009_A375_24H_X1_B20:N08	1	power	1.75094	60.2683	5.12136	0.980074	8.23627	0.159078	1.81557	-0.796668	-0.40,0.72	0.56,3.08	-6.84,5.25	0.9849	0.981125	0.390361	260.907	7.28413	2	8.27388	8.86115	1.78202	15.5825	100.878	893.899	16740.7
LJP009_A375_24H_X1_B20:N09	1	power	1.61802	58.2823	5.49084	0.985722	8.88863	0.171534	1.75838	-0.428262	-0.29,0.63	0.81,2.71	-4.94,4.09	0.99033	0.987912	0.31239	409.648	8.05828	1	8.34369	8.19176	1.85327	17.284	109.993	901.035	12498.8
LJP009_A375_24H_X1_B20:N10	1	power	1.82901	61.3327	4.84615	0.984453	8.72203	0.0904728	2.02876	-0.453924	-0.17,0.35	0.97,3.09	-4.82,3.91	0.99093	0.988663	0.302539	437.024	8.16961	1	8.14002	9.71765	1.7712	16.3932	98.3867	956.088	20893.5
LJP009_A375_24H_X1_B20:N11	1	power	1.83283	61.383	5.10484	0.968545	7.34193	0.342293	1.55508	-2.86013	-1.32,2.00	-0.13,3.24	-14.63,8.91	0.971052	0.963814	0.540499	134.177	6.1535	1	8.32752	9.8441	1.79128	12.7091	99.0814	975.368	16423.8
LJP009_A375_24H_X1_B20:N12	1	power	1.81136	61.0982	5.09182	0.978097	8.051	0.277585	1.62417	-2.26514	-0.82,1.37	0.24,3.01	-11.01,6.48	0.981126	0.976408	0.436425	207.937	6.89659	1	8.19964	11.3091	1.93365	12.0843	83.3687	942.824	16394.4
LJP009_A375_24H_X1_B20:N13	1	power	1.95979	62.9667	4.70848	0.977366	7.98675	0.203852	1.76125	-2.28013	-0.65,1.06	0.27,3.26	-11.02,6.46	0.981206	0.976508	0.435504	208.834	6.90392	4	8.19434	11.3635	1.78981	11.1412	82.7837	940.711	29107.6
LJP009_A375_24H_X1_B20:N14	1	power	1.9578	62.9431	4.85281	0.962065	6.97467	0.371112	1.54953	-3.63903	-1.68,2.42	-0.36,3.46	-18.10,10.82	0.964442	0.955552	0.599034	108.492	5.79625	2	8.16703	11.231	1.78256	10.1342	85.2518	957.462	20725.2
LJP009_A375_24H_X1_B20:N15	1	power	1.83605	61.4252	5.07381	0.970789	7.48699	0.253135	1.65893	-2.33346	-0.92,1.42	0.04,3.28	-12.43,7.76	0.974179	0.967723	0.510472	150.911	6.35209	1	8.29803	10.5677	1.84852	11.8401	88.8767	939.223	13727.4
LJP009_A375_24H_X1_B20:N16	1	power	1.90546	62.3092	4.93961	0.959945	6.86801	0.119329	1.93963	-1.33415	-0.51,0.75	0.03,3.85	-10.46,7.79	0.966496	0.95812	0.581478	115.388	5.8996	2	8.18648	12.0922	1.87944	11.1585	78.4311	948.402	13378.2
LJP009_A375_24H_X1_B20:N17	1	power	1.95117	62.8643	4.73303	0.973599	7.68522	0.162218	1.8309	-2.22966	-0.59,0.92	0.18,3.48	-11.47,7.01	0.977991	0.972489	0.471284	177.744	6.6296	1	8.30974	11.3719	1.79425	11.4264	84.4766	960.657	16188.2
LJP009_A375_24H_X1_B20:N18	1	power	1.95928	62.9607	4.78742	0.952792	6.54561	0.0620649	2.18234	-0.713916	-0.29,0.41	0.12,4.24	-8.92,7.49	0.962789	0.953486	0.612801	103.494	5.7173	3	8.16541	11.0686	1.76234	10.3125	79.5286	880.272	28267.2
LJP009_A375_24H_X1_B20:N19	1	power	1.74332	60.1607	5.09212	0.980944	8.32365	0.0760553	2.07083	-0.0230993	-0.16,0.32	0.92,3.22	-4.40,4.35	0.988515	0.985643	0.340451	344.27	7.75942	1	8.33154	9.0457	1.79473	17.3249	100.712	911.014	17052.9
LJP009_A375_24H_X1_B20:N20	1	power	1.89677	62.2013	4.81955	0.976108	7.88081	0.100392	1.99133	-1.23208	-0.32,0.52	0.50,3.48	-8.12,5.65	0.98225	0.977813	0.423232	221.356	7.00323	1	7.98556	10.7034	1.81936	12.2972	73.0303	781.67	15487.1
LJP009_A375_24H_X1_B20:N21	1	power	1.8073	61.0437	4.89123	0.979836	8.21305	0.116969	1.93588	-0.600402	-0.31,0.54	0.62,3.25	-6.39,5.19	0.98546	0.981825	0.383057	271.105	7.34975	4	8.48817	8.43519	1.6555	16.756	130.292	1099.04	24029.9
LJP009_A375_24H_X1_B20:N22	1	power	1.71503	59.7543	5.06127	0.983751	8.63563	0.0944435	1.98882	-0.104857	-0.17,0.36	0.98,3.00	-4.18,3.97	0.990581	0.988226	0.308309	420.672	8.10398	1	8.37833	9.35623	1.84001	17.1092	111.257	1040.95	19447.5
LJP009_A375_24H_X1_B20:N23	1	power	1.8875	62.0852	4.78117	0.950804	6.46462	0.00726203	2.99308	1.69781	-0.03,0.04	1.20,4.78	-1.93,5.33	0.975603	0.969504	0.496195	159.953	6.45064	10	7.83904	10.8053	1.76011	13.5298	80.7605	872.642	32778.2
LJP009_A375_24H_X1_B20:N24	1	power	1.8	60.9454	5.03511	0.965331	7.15125	0.0197042	2.58377	1.1087	-0.06,0.10	1.12,4.05	-2.67,4.89	0.982046	0.977558	0.425655	218.797	6.9834	2	8.19606	9.57085	1.73624	15.9203	101.483	971.279	25841.4
LJP009_A375_24H_X1_B20:O01	1	power	1.75168	60.2787	4.8622	0.992457	10.1369	4.345	0.726487	-12.2995	-8.33,17.02	-0.10,1.55	-35.71,11.12	0.993	0.991249	0.265793	567.395	8.61951	1	8.21543	8.40418	1.74667	16.4013	106.564	895.579	11012.2
LJP009_A375_24H_X1_B20:O02	1	power	2.05691	64.0725	4.26815	0.987053	9.08007	0.70385	1.35242	-5.27803	-1.93,3.33	0.08,2.63	-17.93,7.37	0.987752	0.984689	0.35158	322.571	7.64767	4	7.84805	10.8449	1.6799	12.1197	81.185	880.444	25424
LJP009_A375_24H_X1_B20:O03	1	power	1.95597	62.9213	4.64837	0.975374	7.82155	0.15241	1.85394	-2.07413	-0.55,0.86	0.21,3.50	-11.07,6.92	0.979676	0.974595	0.452882	192.814	6.76798	2	8.10425	8.65976	1.59069	10.9455	98.091	849.445	14800.2
LJP009_A375_24H_X1_B20:O04	1	power	2.07537	64.2733	4.49476	0.955502	6.66164	0.197187	1.78485	-3.04696	-1.11,1.50	-0.56,4.13	-17.66,11.57	0.959164	0.948955	0.641955	93.9525	5.55582	3	7.99165	11.0517	1.67497	9.85254	82.3948	910.605	16978.7
LJP009_A375_24H_X1_B20:O05	1	power	1.97401	63.1339	4.68736	0.961375	6.93934	0.0569015	2.21628	-0.612505	-0.25,0.36	0.26,4.17	-8.19,6.96	0.97062	0.963274	0.544518	132.145	6.12776	2	7.85852	8.59835	1.57783	11.1457	84.7045	728.318	19771.4
LJP009_A375_24H_X1_B20:O06	1	power	1.90701	62.3284	4.84997	0.971601	7.54224	0.111942	1.96297	-1.16938	-0.38,0.61	0.37,3.56	-8.61,6.27	0.978019	0.972524	0.470984	177.975	6.63181	2	8.06514	8.05824	1.57041	11.4277	100.14	806.954	16132.2
LJP009_A375_24H_X1_B20:O07	1	power	1.84126	61.4934	4.78889	0.973257	7.65995	0.184204	1.76855	-1.84935	-0.64,1.01	0.19,3.34	-10.64,6.94	0.977483	0.971854	0.476689	173.646	6.58998	2	8.1366	9.61363	1.77722	11.8073	87.1709	838.029	10958.1
LJP009_A375_24H_X1_B20:O08	1	power	1.77662	60.6263	5.15428	0.980141	8.24283	0.293958	1.59459	-2.38035	-0.83,1.41	0.27,2.92	-11.00,6.24	0.982837	0.978546	0.416181	229.056	7.0616	1	8.26226	10.754	1.9285	13.1124	87.453	940.47	13780.1
LJP009_A375_24H_X1_B20:O09	1	power	1.68004	59.2378	5.47016	0.969046	7.37339	0.11577	1.91292	-0.184192	-0.35,0.58	0.46,3.36	-6.29,5.92	0.976429	0.970537	0.487717	165.703	6.51052	1	8.35506	9.3782	1.88505	15.8961	103.821	973.652	14195
LJP009_A375_24H_X1_B20:O10	1	power	1.92448	62.5427	4.76141	0.975996	7.87162	0.135917	1.90572	-1.25311	-0.41,0.68	0.44,3.37	-8.33,5.82	0.981539	0.976924	0.431629	212.672	6.93497	2	8.00892	9.87993	1.7219	11.8866	82.0369	810.518	23483
LJP009_A375_24H_X1_B20:O11	1	power	1.7275	59.9347	5.19159	0.985314	8.83351	0.28833	1.58926	-2.22714	-0.66,1.24	0.45,2.73	-9.58,5.12	0.987782	0.984728	0.351141	323.388	7.65201	0	8.29639	9.05652	1.83556	16.4842	100.015	905.787	10918.9
LJP009_A375_24H_X1_B20:O12	1	power	1.72789	59.9403	5.23224	0.979724	8.20212	0.18333	1.74783	-1.38918	-0.51,0.87	0.42,3.07	-8.46,5.68	0.983695	0.979619	0.405637	241.329	7.15076	1	8.40225	8.62251	1.77976	16.6191	108.599	936.396	14734.7
LJP009_A375_24H_X1_B20:O13	1	power	1.85596	61.684	4.81903	0.988711	9.34821	0.574748	1.37567	-4.85032	-1.43,2.58	0.21,2.54	-15.80,6.10	0.98953	0.986913	0.325049	378.057	7.92027	0	8.26308	9.99926	1.79218	13.3989	93.5546	935.477	9971.99
LJP009_A375_24H_X1_B20:O14	1	power	1.95557	62.9166	4.75324	0.970453	7.46459	0.193616	1.77074	-2.52206	-0.77,1.15	0.02,3.52	-12.94,7.90	0.974401	0.968002	0.508266	152.258	6.36713	2	8.28238	10.8792	1.75433	11.0936	89.7063	975.934	19034.2
LJP009_A375_24H_X1_B20:O15	1	power	1.64165	58.6525	5.34822	0.98799	9.22712	0.115145	1.89775	-0.192404	-0.15,0.38	1.06,2.73	-3.76,3.37	0.993532	0.991915	0.255487	614.425	8.75691	1	8.20948	8.47518	1.86107	17.6961	101.992	864.398	9712.4
LJP009_A375_24H_X1_B20:O16	1	power	1.66343	58.987	5.45459	0.980404	8.26899	0.188896	1.73077	-0.894982	-0.44,0.82	0.55,2.91	-6.92,5.13	0.984878	0.981097	0.390655	260.507	7.28151	1	8.42222	9.86238	1.95465	16.1852	108.368	1068.76	13425.9
LJP009_A375_24H_X1_B20:O17	1	power	1.74163	60.1366	5.14351	0.977629	8.00962	0.0530899	2.19547	0.262679	-0.13,0.23	0.95,3.44	-4.05,4.57	0.986896	0.98362	0.363646	301.259	7.53043	1	8.27148	9.21307	1.80757	16.3697	97.7529	900.605	16245.5
LJP009_A375_24H_X1_B20:O18	1	power	1.86806	61.8392	4.68274	0.993776	10.5128	0.688542	1.31581	-5.77904	-1.23,2.60	0.41,2.23	-15.40,3.84	0.994279	0.992849	0.240274	695.218	8.97021	0	8.47236	9.51223	1.73985	16.9732	101.624	966.671	10871.4
LJP009_A375_24H_X1_B20:O19	1	power	1.67305	59.1328	5.37034	0.976941	7.95029	0.0736395	2.06886	0.274485	-0.17,0.32	0.85,3.28	-4.18,4.72	0.985544	0.98193	0.381949	272.704	7.35982	1	8.22837	9.60598	1.91124	16.9422	100.178	962.308	16940.8
LJP009_A375_24H_X1_B20:O20	1	power	1.80711	61.0412	5.04117	0.975807	7.85624	0.0561879	2.19066	0.0168487	-0.14,0.25	0.90,3.48	-4.63,4.66	0.985557	0.981947	0.381775	272.956	7.3614	1	8.14183	9.10332	1.75207	12.9873	88.9564	809.799	17750.3
LJP009_A375_24H_X1_B20:O21	1	power	1.99026	63.3229	4.55651	0.98037	8.2656	0.162066	1.84364	-2.1544	-0.50,0.82	0.39,3.30	-10.19,5.88	0.984422	0.980527	0.396499	252.768	7.22993	3	8.05735	11.4497	1.76392	11.796	85.6884	981.106	25309.7
LJP009_A375_24H_X1_B20:O22	1	power	1.86981	61.8615	4.94189	0.970112	7.44211	0.0644121	2.14675	-0.533029	-0.22,0.34	0.57,3.73	-6.77,5.70	0.978957	0.973696	0.460828	186.084	6.70755	1	8.20216	10.7184	1.79687	11.933	95.4166	1022.71	18361.8
LJP009_A375_24H_X1_B20:O23	1	power	1.96536	63.0325	4.62982	0.972743	7.62267	0.0501601	2.25277	-0.591574	-0.17,0.27	0.64,3.86	-6.69,5.51	0.98157	0.976962	0.431267	213.037	6.93789	1	8.02425	10.9874	1.74939	12.1548	83.5525	918.023	22478.3
LJP009_A375_24H_X1_B20:O24	1	power	1.72369	59.8798	5.13382	0.980616	8.29027	0.0583608	2.1619	0.329517	-0.11,0.23	1.09,3.24	-3.41,4.07	0.989757	0.987197	0.321505	386.526	7.95836	1	8.35071	9.41852	1.83419	17.2384	103.668	976.396	17507.5
LJP009_A375_24H_X1_B20:P01	1	power	1.64061	58.6365	5.36762	0.983937	8.65815	0.0784997	2.03564	0.288486	-0.12,0.28	1.11,2.96	-3.14,3.72	0.991797	0.989746	0.287723	483.614	8.34406	1	8.25278	8.48239	1.83937	17.3188	110.979	941.367	14447.5
LJP009_A375_24H_X1_B20:P02	1	power	1.6033	58.0476	5.50999	0.986197	8.95484	0.118806	1.87625	-0.136059	-0.17,0.41	1.00,2.75	-3.89,3.62	0.992161	0.990201	0.281267	506.254	8.42291	0	8.3145	8.52273	1.90363	16.9011	106.495	907.63	11456.5
LJP009_A375_24H_X1_B20:P03	1	power	1.69571	59.4711	5.32232	0.986978	9.06877	0.681632	1.29182	-4.17408	-1.58,2.94	0.20,2.39	-14.56,6.22	0.987645	0.984557	0.353098	319.768	7.6327	0	8.42589	9.09156	1.87413	14.4766	110.512	1004.73	11076.4
LJP009_A375_24H_X1_B20:P04	1	power	1.64672	58.7311	5.42287	0.9858	8.89932	0.172972	1.7518	-0.899182	-0.31,0.65	0.77,2.73	-5.86,4.06	0.990192	0.987741	0.314603	403.85	8.03376	0	8.37582	8.6474	1.87571	16.433	103.995	899.282	10593.5
LJP009_A375_24H_X1_B20:P05	1	power	1.67926	59.2262	5.39412	0.977539	8.00176	0.10557	1.93684	-0.267309	-0.26,0.47	0.69,3.19	-5.54,5.01	0.984351	0.980439	0.397396	251.611	7.22208	1	8.53021	9.05917	1.85246	16.3862	111.516	1010.25	14714.1
LJP009_A375_24H_X1_B20:P06	1	power	1.60663	58.101	5.426	0.980451	8.27367	0.0306925	2.37791	1.41964	-0.04,0.10	1.56,3.19	-0.75,3.59	0.99382	0.992274	0.249743	643.2	8.83591	1	8.08116	8.02975	1.83148	18.2628	97.9356	786.399	15476.5
LJP009_A375_24H_X1_B20:P07	1	power	1.69029	59.3908	5.24524	0.98164	8.39653	0.0717144	2.07213	0.0494278	-0.14,0.29	0.99,3.15	-4.03,4.13	0.989549	0.986936	0.324763	378.729	7.92333	1	8.26926	8.81887	1.82898	16.2728	102.392	902.985	11491.8
LJP009_A375_24H_X1_B20:P08	1	power	1.65461	58.8524	5.43139	0.984229	8.694	0.202067	1.7032	-1.01844	-0.41,0.81	0.63,2.77	-6.65,4.62	0.988149	0.985187	0.345825	333.531	7.70501	0	8.23997	8.37251	1.84476	16.3137	101.593	850.589	10370.6
LJP009_A375_24H_X1_B20:P09	1	power	1.631	58.4866	5.48099	0.979102	8.14299	0.0579506	2.14526	0.666793	-0.11,0.22	1.10,3.19	-2.82,4.15	0.989189	0.986487	0.330302	366.001	7.86457	1	8.32545	8.93044	1.8957	16.9263	101.329	904.915	11220
LJP009_A375_24H_X1_B20:P10	1	power	1.69575	59.4717	5.30787	0.975724	7.84954	0.0921309	1.99068	-0.128442	-0.25,0.43	0.66,3.32	-5.47,5.21	0.982974	0.978717	0.414519	230.929	7.07551	1	8.45583	9.47969	1.86774	16.9234	109.19	1035.08	13836.7
LJP009_A375_24H_X1_B20:P11	1	power	1.67521	59.1653	5.28871	0.983768	8.63764	0.0756515	2.05866	0.252502	-0.12,0.28	1.10,3.02	-3.31,3.81	0.991553	0.989441	0.291967	469.542	8.2932	1	8.34987	9.44919	1.89777	17.2128	102.406	967.657	15797.8
LJP009_A375_24H_X1_B20:P12	1	power	1.7464	60.2043	5.23149	0.972373	7.59626	0.0951334	1.98863	-0.395961	-0.29,0.48	0.52,3.46	-6.51,5.72	0.979629	0.974537	0.453402	192.362	6.76399	1	8.32462	10.1877	1.88553	14.9256	97.9345	997.729	13666.8
LJP009_A375_24H_X1_B20:P13	1	power	1.95935	62.9614	4.72378	0.953468	6.57388	0.0135712	2.75298	0.8796	-0.05,0.08	0.85,4.65	-3.91,5.67	0.972568	0.965711	0.526148	141.817	6.247	6	8.05635	11.3299	1.74932	12.0689	78.4596	888.937	32769.1
LJP009_A375_24H_X1_B20:P14	1	power	1.69401	59.4461	5.31073	0.971687	7.54816	0.0278984	2.42381	1.05721	-0.07,0.12	1.18,3.67	-2.40,4.51	0.986043	0.982554	0.375295	282.603	7.42088	1	8.24167	9.0923	1.82945	16.7918	96.408	876.57	13714.5
LJP009_A375_24H_X1_B20:P15	1	power	1.65818	58.907	5.38055	0.973991	7.71446	0.0262808	2.44546	1.32886	-0.05,0.10	1.37,3.52	-1.49,4.15	0.98926	0.986575	0.329215	368.448	7.87602	1	8.16598	8.85881	1.84884	17.172	94.9518	841.16	12993.8
LJP009_A375_24H_X1_B20:P16	1	power	1.84296	61.5155	5.04207	0.957252	6.74035	0.0512285	2.2268	-0.175083	-0.22,0.32	0.30,4.15	-7.13,6.78	0.967747	0.959684	0.570516	120.019	5.96572	1	8.3842	11.1669	1.84073	13.8292	94.071	1050.48	17355.8
LJP009_A375_24H_X1_B20:P17	1	power	1.7842	60.7304	5.11319	0.978177	8.05818	0.172267	1.77967	-1.55107	-0.50,0.84	0.41,3.15	-8.90,5.80	0.982592	0.97824	0.419133	225.784	7.03704	1	8.16635	9.34844	1.80963	12.9686	88.7834	829.986	11056.9
LJP009_A375_24H_X1_B20:P18	1	power	1.71079	59.6926	5.22547	0.979348	8.16618	0.0551234	2.17404	0.310925	-0.11,0.22	1.06,3.29	-3.56,4.18	0.988884	0.986105	0.334927	355.852	7.81626	1	8.45091	8.61219	1.77682	16.7626	105.5	908.588	11341.1
LJP009_A375_24H_X1_B20:P19	1	power	2.01264	63.5791	4.53136	0.967072	7.25222	0.0390601	2.36562	-0.21569	-0.14,0.22	0.64,4.09	-6.17,5.74	0.978168	0.972711	0.469381	179.221	6.64366	6	8.04447	11.254	1.72863	10.4423	79.4351	893.963	32769.1
LJP009_A375_24H_X1_B20:P20	1	power	1.77636	60.6226	5.12298	0.969587	7.40798	0.0366503	2.33272	0.412757	-0.11,0.18	0.91,3.76	-4.14,4.97	0.982123	0.977654	0.424746	219.752	6.99083	1	8.09324	9.37749	1.79102	13.5951	90.635	849.929	13255.1
LJP009_A375_24H_X1_B20:P21	1	power	1.69935	59.5249	5.18511	0.982882	8.53364	0.0538653	2.18208	0.434181	-0.09,0.20	1.21,3.15	-2.85,3.72	0.991965	0.989956	0.284766	493.794	8.37996	1	8.25041	8.40222	1.76971	17.5766	106.242	892.673	15896.4
LJP009_A375_24H_X1_B20:P22	1	power	1.90935	62.3573	4.83138	0.967925	7.3037	0.180737	1.78785	-2.11586	-0.72,1.09	0.02,3.56	-12.19,7.96	0.972271	0.965339	0.528989	140.256	6.22829	1	8.18728	10.3637	1.76905	10.7871	85.4463	885.539	21116
LJP009_A375_24H_X1_B20:P23	1	power	1.99453	63.3722	4.65152	0.962989	7.02303	0.0413544	2.32708	-0.518306	-0.17,0.25	0.45,4.20	-7.35,6.32	0.973683	0.967103	0.515352	147.991	6.31903	2	8.18381	11.4927	1.7551	11.5029	80.1205	920.8	25607.5
LJP009_A375_24H_X1_B20:P24	1	power	1.93135	62.6261	4.77818	0.945163	6.25141	0.00497941	3.10386	1.43602	-0.02,0.03	1.15,5.06	-2.59,5.46	0.972195	0.965244	0.529713	139.861	6.22354	6	7.94988	11.7379	1.78241	12.1134	76.9074	902.732	32769.1
